Tatumella_morbirosei_NZ_CM003276.1
1 603
963 1171
1443 1781
2638 2840
3044 5657
Tatumella_morbirosei_NZ_JPKR02000001.1
717 1290
1818 3094
3894 4699
5011 5257
5816 6392
8204 9323
10427 10709
11740 13075
14815 16258
16861 16913
18033 18591
19339 23020
26008 26065
26667 28813
29941 30543
31678 33417
34803 35935
36614 37411
37957 38855
39266 40875
42895 43267
45037 45960
49278 49726
51311 52534
53264 53671
54342 67390
68854 70442
73222 73397
74524 74683
75508 75752
77051 77550
79850 80840
81929 83651
84494 84733
86930 87038
88535 88858
89506 90685
91853 92011
93951 94552
95571 95777
96771 96953
98004 98163
99397 100636
101387 103620
105325 107236
108641 108868
110158 115114
115770 116940
118200 118541
120180 120672
122324 122742
123807 124188
125069 125843
126659 130371
131081 132375
133327 133666
135709 136826
137660 138892
139773 145965
146158 146490
146915 147107
147738 149069
149868 152691
153682 155400
155914 156294
158342 159290
160813 162983
164036 164411
165804 170231
170881 171438
171984 172356
173117 173876
174445 176707
177481 179694
180460 180798
181591 183353
184267 184357
184981 186393
187453 187916
188548 190454
191029 191204
194082 194511
195283 196177
196992 197484
198316 199113
199548 200101
200780 200857
202645 202711
203392 205976
208590 209244
210409 211250
212356 212894
214491 214806
216117 216800
218070 218842
219679 219998
221371 222232
223940 224540
225187 225906
227270 227631
228555 228807
229440 230017
231487 231569
233943 249310
Tatumella_morbirosei_NZ_JPKR02000002.1
1 2791
3627 3755
5111 7096
8800 10319
11748 12044
12780 12974
13827 14156
15028 15109
15791 16854
17812 18715
20026 23035
25734 26958
27629 27967
28815 30125
31320 31602
32542 33686
35484 38284
38851 38936
40171 41162
41691 41907
42479 42571
43261 43405
44509 45624
46785 47188
47911 48882
50280 50710
51708 51821
52637 55890
57561 57709
58974 60313
60914 65969
68096 68553
69155 72862
73444 75018
77419 78110
78635 78821
79826 80607
83335 83713
84512 84628
86458 86916
87448 88577
89148 89412
90312 91509
93304 94918
99469 100159
100507 101634
104082 104193
104851 105548
106822 107344
108151 108343
109078 109941
112025 112457
114624 114847
117166 117527
118417 119352
120791 124643
125691 126059
127510 129116
129770 130124
132267 132986
134483 134644
135312 135475
138109 139423
140296 140971
144578 145221
146033 146147
146993 147201
147727 148816
150090 151684
152955 153749
154341 154869
155813 156137
157583 157910
159293 160296
161518 161809
162984 163295
166000 166458
170091 170748
172470 172698
173690 173800
175177 175282
176004 176153
177082 178482
181181 181845
182630 183520
184097 184297
185308 186136
186301 186511
188748 190301
191020 194065
194831 195003
195824 196224
196761 197858
199229 199493
201332 201717
202280 202865
204200 206726
207408 207953
208478 208975
210759 211414
213064 213245
214041 214303
214810 215070
216896 217003
218590 219505
220240 220603
221443 222223
223646 224359
225694 226912
228688 228833
229356 231077
232068 232193
233335 233772
235870 235972
237380 239147
241222 241523
242232 242905
243734 244204
244940 248144
249176 249391
250985 251637
252833 252907
254873 254967
255532 255808
256740 257320
258819 259291
259898 262107
262666 262812
263749 264326
264950 267008
267597 267882
268971 269051
271784 272414
273006 275137
275677 275979
276678 277298
281159 282618
283418 285407
286055 286393
287232 288560
289123 289887
292116 292818
293771 294946
295786 295929
296430 296515
297622 297788
298734 301372
302110 302329
303518 304116
304785 305120
305761 306737
307555 312233
313383 314778
314935 315466
316948 317141
318045 318236
318853 319759
320977 321180
321498 321897
322575 325621
326496 329034
329681 330153
330763 331428
332173 332683
333900 334600
335724 336779
337335 338144
338847 341968
343090 343487
345348 346932
348193 350033
351074 351320
352580 352859
353334 353803
354160 354262
354765 355214
355883 357534
358211 359854
360589 361214
361322 361418
362244 362984
363202 363357
363632 364122
364770 365400
365920 366439
367187 367277
368141 369507
369727 370613
371121 372335
374141 374303
375033 375960
Tatumella_morbirosei_NZ_JPKR02000003.1
1 490
1429 2193
2907 3591
5278 8262
10198 11108
14239 14768
15015 15486
16908 17150
17924 19067
20068 20739
21651 24179
25652 26036
26716 28375
29441 43684
44301 44392
45875 47195
47741 47903
49481 49541
50224 50372
50900 53484
54025 54410
55309 57355
58135 58347
60466 63684
64856 67385
67951 69387
69926 71698
72374 73064
74197 74388
75582 76661
77287 79143
80727 81515
82333 82588
83337 85712
86031 86498
87258 89590
90295 91772
92978 93429
94192 96855
98655 100284
100787 100863
101372 103740
104517 104855
105458 106208
106913 107591
109855 110327
111341 111581
112326 112988
115008 115198
116073 116574
118388 119261
120011 120065
121103 121660
122794 123144
123645 124771
125940 126704
127446 127737
128491 128683
128918 130431
130937 131721
131994 132931
133976 134748
135352 136492
137555 138622
139250 139826
140920 142845
143456 143634
144814 145041
145603 148674
148974 150293
150920 154171
154750 155045
155641 156366
157907 157977
159320 162172
163025 163192
163786 163877
165320 165474
166589 166890
167422 168209
169279 170489
171216 173624
175416 176184
176962 179069
179746 180328
181032 181301
182074 182696
183475 184653
185239 185706
186267 186766
187673 188847
189474 189877
190634 191456
192209 192793
193358 193497
194247 194541
197382 199340
200862 201131
204909 205295
205956 206111
206831 207714
208376 208778
209347 210931
211605 211691
212258 212331
213638 213848
215131 216995
217734 219371
220644 221142
221983 224412
225871 225983
226844 228576
230356 230770
231775 232439
232861 233062
233744 241925
242475 246312
246798 247005
247424 249492
250033 253795
254086 256581
257392 258065
259083 260435
261554 262718
264344 266980
267599 269458
270153 271949
272840 276591
277331 277438
277991 282812
283443 286581
287135 287604
288932 289518
290180 290313
290789 290861
293081 293974
294692 296845
298307 303444
303745 304361
305173 309098
309907 311085
311341 314621
315853 322319
324073 325432
326002 327098
327843 328170
328984 329309
329691 331884
332422 333209
333908 334238
334754 334823
335893 337067
341295 342476
344941 346597
347124 347997
348465 349600
350637 352401
352967 353246
353769 356202
357054 357277
358098 358616
359400 360309
360824 365868
366213 366589
367070 367879
368109 369111
370387 370539
371239 371377
373144 373599
375178 375441
377934 378874
379439 379518
380100 383038
383563 385479
386178 386329
386809 387113
387692 388949
389453 390305
391318 393101
394835 394971
395936 397365
399280 401266
402189 402289
403035 404118
409133 409802
410368 410524
413019 413252
414397 415632
416800 417079
417968 418108
418671 419098
419577 422897
423578 424480
425673 426474
428022 428207
428753 429322
431635 432614
434999 435623
437923 437988
438523 438585
439110 439694
440628 441909
442604 443254
443819 444075
445451 447451
449099 450030
450857 452618
453322 454703
456044 456479
457891 458915
459834 460110
460622 460736
462266 462511
464106 464499
465607 465704
467765 470497
471046 471355
471887 472120
472955 473480
474063 474412
475323 475945
477960 478959
480391 480833
482706 482923
483654 484095
484852 485708
486596 489151
491162 496275
498604 499196
499758 500151
501250 501697
502358 503326
504267 504507
506272 507037
507347 507620
508179 509914
510427 511199
511879 512580
513037 513403
514481 515087
515810 516413
517648 517982
519123 519453
520285 521311
521639 522092
523376 523964
524924 525535
526190 526398
528458 528689
530993 531201
531970 532392
533820 536318
538785 541784
542233 542347
543020 543538
544280 545040
545541 545755
546462 547910
549212 549346
550445 551828
552521 552606
552956 553372
554100 555806
557669 559388
560490 561377
563887 564986
565754 566793
567276 567475
568089 569175
570057 571034
573516 573671
574675 576955
577459 578157
579236 580254
581731 586313
587430 587546
587977 588935
589559 589801
590427 590590
590946 591270
591970 592108
592870 593024
593888 594404
595212 596556
597950 598173
598345 599205
599683 600038
600692 601667
602737 604063
604832 610953
611799 611937
612576 612747
613736 614297
614838 616043
616688 617102
617849 618230
618810 619409
620047 621863
622928 622979
623615 624439
625569 626409
627104 627627
628629 632388
633091 633209
634155 634921
636082 636723
637441 638641
639273 639706
640878 641384
642046 642959
643622 645075
645710 648570
649160 649550
651765 653229
654099 654670
656746 658609
659870 661649
663458 665198
665769 666997
667499 668606
669104 671935
672526 674358
674971 679319
680200 680613
681513 681709
682258 682389
682536 684752
685351 688205
689913 694629
695253 711076
713044 713296
713855 715779
716474 717983
719064 719335
720062 720159
722111 722203
722868 723874
724424 725710
726473 729783
730450 742295
742819 746020
747093 747250
747877 747927
749158 749263
749974 751419
751941 752700
753770 760296
760924 766714
767267 769281
770498 770918
771473 771791
772255 772919
774084 774355
775284 780268
780872 784448
785075 791377
792070 794752
795708 795959
796748 798559
799750 799947
800645 806590
806911 811105
811749 815849
816368 817262
817614 819995
820334 820739
821776 822470
823203 829234
829547 829933
830898 830965
831299 843444
844081 844875
845880 848844
849128 852226
852785 854854
855562 857858
859475 860719
861578 861710
862517 862980
865219 866383
866932 867691
868299 872667
873566 873812
874371 876412
876839 877373
878020 879085
879620 879768
880521 880851
882135 882218
882880 883881
885327 885483
886015 891320
891814 892615
893505 894441
896054 897350
897965 901501
902601 903115
903702 904593
906323 907498
908940 909943
910923 911754
913304 914641
915297 916016
916675 919787
920295 920393
920915 921319
923180 925635
926916 936810
937350 938394
939979 942622
943503 945505
946327 947882
949578 949848
950475 951849
953169 956017
956485 956669
957725 957858
958401 958752
959449 959845
960373 961101
961500 962812
964113 966201
967434 967644
968201 968346
968823 969024
969781 970877
972911 973216
974431 974781
977234 978040
981897 982635
983355 984294
987022 987589
988929 989090
990118 990507
991107 991500
992039 994719
995239 995721
996246 996961
998320 998811
999913 1000319
1000958 1001386
1002482 1002570
1003104 1003190
1005130 1005538
1008276 1010748
1010921 1013353
1014030 1014880
1015438 1016093
1020347 1020432
1022761 1025927
1028129 1028742
1029284 1029437
1031277 1031368
1034717 1034878
1035437 1035744
1037229 1038004
1038756 1039086
1039775 1039846
1040708 1041035
1041634 1042987
1043735 1043958
1045555 1045665
1047646 1049773
1051843 1052969
1053571 1055840
1056623 1056868
1057597 1058145
1059327 1060179
1060709 1061187
1064949 1066115
1067492 1068271
1069151 1069363
1071052 1071824
1072959 1073353
1074529 1075071
1075959 1076485
1077267 1077358
1079410 1079597
1081115 1082581
1083201 1083514
1084795 1085503
1085956 1086171
1087266 1088015
1088960 1090159
1090712 1091296
1092013 1092823
1093320 1093972
1095292 1096293
1097563 1097785
1099311 1099362
1099977 1100202
1101746 1101970
1102969 1104489
1105253 1106135
1108345 1109486
1110074 1110300
1110848 1110906
1112179 1115404
1117120 1117739
1121159 1124780
1125529 1125777
1125917 1130076
1130398 1130940
1131691 1131941
1132097 1132544
1134914 1135433
1136637 1137873
1140982 1141257
1142282 1142404
1143056 1143158
1144332 1146293
1147947 1148344
1148920 1149309
1150656 1150917
1151761 1163417
1163941 1164314
1167473 1168398
1169467 1169540
1170689 1170844
1171975 1172039
1173328 1173560
1174523 1176313
1177021 1177276
1177951 1178473
1179367 1179668
1180268 1181123
1181619 1182749
1183406 1184280
1185028 1187410
1188268 1188897
1189599 1190632
1191277 1191998
1193414 1195215
1195892 1196430
1197707 1199018
1199579 1199731
1200381 1200532
1201499 1202560
1203411 1203651
1205000 1205227
1205890 1207778
1209995 1210194
1211124 1212278
1213915 1214501
1216192 1218252
1218948 1219046
1220189 1220745
1221719 1223149
1223885 1224150
1225070 1225518
1227710 1228250
1231340 1232103
1233030 1233355
1236023 1237391
1241143 1241240
1242136 1242482
1243230 1243536
1244181 1244504
1246212 1246320
1248821 1249109
1250461 1251756
1252410 1252860
1254776 1255715
1256971 1257215
1257964 1258489
1259020 1260590
1262126 1262246
1262496 1266217
1266879 1267315
1269221 1270059
1271106 1271182
1273258 1273333
1273903 1275692
1276821 1277142
1277796 1279434
1280542 1281238
1283571 1284190
1284772 1284914
1285740 1287065
1288610 1292063
1292576 1292978
1295956 1296773
1298874 1299811
1303092 1303153
1303693 1304025
1305566 1306670
1310362 1310835
1312153 1312342
1313152 1313270
1314935 1315482
1316346 1316466
1317023 1319856
1321378 1323250
1325018 1325298
1326032 1327128
1328877 1329486
1329800 1331231
1332568 1332740
1333664 1333791
1334363 1334945
1336409 1336741
1338086 1340908
1342594 1342679
1342969 1343238
1344519 1344611
1345265 1345445
1348498 1348728
1350386 1351774
1352484 1353330
1358425 1360353
1360919 1361086
1362071 1363741
1366082 1367948
1368902 1370511
1372415 1373973
1374752 1378270
1378540 1378732
1379418 1379596
1380294 1381583
1382551 1383286
1383879 1386710
1387819 1390795
1391448 1392118
1392916 1394201
1394874 1395734
1396643 1397308
1397827 1399115
1400019 1401123
1402171 1404495
1405677 1406906
1407617 1408019
1409010 1409075
1411088 1411504
1411600 1412396
1412785 1415854
1416463 1416963
1417622 1420392
1421794 1422111
1423004 1424597
1425888 1427294
1428195 1428255
1429193 1429803
1431016 1431328
1432068 1432344
1432987 1436640
1437981 1438208
1439000 1439376
1441291 1441713
1442239 1442466
1443033 1444251
1444703 1444817
1446816 1447473
1448770 1449447
1450202 1451813
1454897 1455031
1456061 1456733
1457237 1457409
1457693 1458224
1458686 1462040
1462356 1465599
1468771 1468945
1469701 1470351
1473163 1473613
1474231 1474765
1476038 1476107
1476879 1477210
1478089 1478581
1479349 1479563
1482610 1482677
1483921 1484258
1485345 1485663
1487022 1487794
1488869 1490452
1491249 1492598
1493434 1494295
1496455 1498288
1498837 1500174
1500914 1501980
1505209 1505337
1506177 1507195
1507772 1507916
1509129 1509999
1512098 1512199
1512852 1513848
1514755 1515073
1515753 1516171
1518349 1519203
1519720 1520589
1521332 1521514
1524929 1525878
1528506 1528707
1530308 1531091
1533863 1534316
1535138 1535430
1536607 1538161
1539306 1541732
1542228 1543157
1544375 1545707
1546967 1548523
1549319 1550566
1551100 1551505
1557639 1557934
1559532 1560339
1561926 1562204
1563742 1564962
1565699 1567072
1567724 1568001
1569076 1569212
1571007 1572012
1574302 1574682
1575325 1575385
1576088 1576404
1577423 1578186
1579113 1579203
1580715 1581526
1585909 1586472
1587371 1588904
1589678 1591255
1592160 1592286
1592814 1593096
1595570 1595631
1597519 1599889
1601955 1602998
1603497 1604049
1604557 1604709
1605644 1606612
1607221 1607457
1609930 1610164
1610922 1611253
1614735 1614861
1615590 1615668
1616355 1616831
1617498 1617798
1618995 1619508
1620142 1620569
1621245 1622050
1625702 1625840
1626395 1627362
1629313 1629371
1632188 1635241
1635795 1635900
1637478 1637568
1638465 1639231
1641599 1641684
1643977 1645445
1646797 1647386
1648974 1649441
1650209 1650285
1650918 1651642
1652146 1652375
1653938 1654324
1655005 1655812
1657033 1657709
1658821 1658961
1660071 1660292
1661128 1661476
1662235 1662430
1663249 1663665
1664207 1664559
1667021 1667320
1668152 1668286
1670184 1670512
1672482 1672881
1674436 1675924
1676783 1677000
1679279 1679409
1680225 1680771
1681974 1682881
1686580 1687378
1689294 1689400
1690180 1691830
1695160 1695837
1697550 1698060
1698419 1698982
1700073 1700595
1701880 1702198
1704156 1704472
1705772 1705954
1706682 1708239
1709963 1710307
1711004 1711960
1712541 1712599
1713349 1713482
1713985 1714773
1715549 1715603
1717304 1717840
1720137 1721042
1721753 1721846
1722776 1723372
1730304 1732048
1734667 1735469
1737021 1738086
1739041 1739707
1740425 1741033
1741720 1742245
1743586 1744089
1744776 1745233
1746088 1747004
1748115 1748954
1750253 1751612
1752671 1753353
1754312 1755363
1757894 1758550
1759089 1759513
1761919 1763633
1764341 1765171
1767438 1767517
1769535 1770057
1773339 1777878
1778682 1779159
1779946 1780090
1781192 1782599
1783913 1784295
1784925 1785021
1787214 1787748
1789801 1790071
1791479 1791820
1792939 1793520
1794312 1794542
1795221 1795471
1796857 1797142
1797827 1797998
1798815 1799108
1799696 1800255
1801476 1801588
1804433 1805468
1807015 1807908
1808806 1809345
1811171 1814068
1815175 1817384
1818501 1818904
1819659 1819839
1820405 1820474
1821961 1822130
1823030 1823551
1824710 1825524
1826075 1826939
1827461 1827560
1829944 1830771
1831338 1832193
1833992 1834144
1835220 1836025
1837925 1838236
1839313 1840428
1841615 1842130
1842915 1843240
1843768 1843865
1844377 1844977
1845528 1846537
1848030 1848188
1849950 1850249
1850818 1850977
1852019 1852998
1853654 1853860
1854432 1854593
1857105 1857499
1858059 1858546
1859206 1859867
Tatumella_morbirosei_NZ_JPKR02000004.1
1 7218
9661 9764
10498 10653
11159 11647
11856 12305
13117 13877
14562 14793
15380 16141
18171 18240
19932 22006
22602 22959
24544 25861
26629 26858
27632 27694
28390 28687
30001 30661
31185 31931
33719 40624
41295 41692
42384 46268
47407 48249
50309 52204
53182 55087
56730 57118
57620 58333
59577 65571
66115 75843
77174 77414
78299 84201
85758 85841
87061 87128
88126 89262
90131 91230
91839 92092
92734 92817
94140 94704
95879 97306
98539 99461
100346 100519
101407 102470
103602 105296
105797 106249
108378 109714
110236 112014
113098 114782
115402 115529
117415 117526
117984 119233
120304 120453
121655 122722
123874 124062
125227 125442
127701 128421
130268 130913
131948 132340
133762 133881
134476 134709
135279 136626
137845 139612
140616 140959
142307 143121
143836 144134
145224 145418
146874 148099
150109 150251
151117 151465
154364 154524
155314 156888
158026 159196
160355 161211
162666 163620
164340 165133
165673 165949
166748 166807
168179 168328
169185 169730
170627 170906
171846 172794
173496 173877
174944 175223
177384 177752
179242 179782
180397 180924
181634 181999
183164 184394
185059 185284
186292 187070
187621 188359
189793 191132
192510 194522
195105 195321
195990 196986
197766 199893
201855 203427
203571 204565
205184 205725
206384 208532
209402 209672
210186 210556
210675 218195
218592 221931
222770 224730
225450 226017
226321 226878
227939 229046
229981 230533
232154 232427
233271 233383
235755 235918
237146 238005
238841 240292
240474 252194
252671 253324
253986 255030
255097 255348
255968 256365
256587 266400
266665 267692
269025 272642
273355 273895
274622 275825
276484 277297
277886 279235
280184 280267
281994 284257
284966 286436
287063 287963
289334 289413
290897 291009
291785 292051
293280 294689
295199 295534
297044 297104
297771 297824
299751 300230
302902 303770
306042 306849
307538 307598
308725 308882
309514 309750
310456 310629
312123 312231
312752 312820
315462 316007
317343 317828
318846 319936
321317 321398
323691 324878
325516 325610
326154 326205
327077 327277
328366 328760
329227 330266
331433 332089
332383 332435
332726 333297
333806 334640
337018 338056
339000 339330
340534 340888
341997 342558
344335 344435
345104 345949
346613 346940
348539 348809
349498 350233
350983 352592
353444 353615
354547 355745
356610 360023
360599 360678
362469 363179
363862 365771
366294 366441
367147 367433
370153 371147
372285 373385
374320 376901
377662 379717
379996 395953
397569 397629
398293 398607
401131 402234
403773 403932
404817 404916
405581 405710
406747 406994
407944 408029
408956 409107
409809 409992
410611 414077
416246 416801
418995 419058
419635 422029
424083 424625
425313 425776
427189 428259
428930 431020
432117 432496
433338 434541
436153 436346
438191 439209
439767 442053
442698 443015
444026 445994
446608 448927
449778 451126
451923 453097
453700 454190
455542 455782
456136 456788
458495 459250
459747 460112
460695 462456
463872 464263
464885 465289
466260 467259
469106 471093
471566 471660
472964 475582
476325 476977
477739 477908
480291 481188
482195 483453
484439 484592
485753 485903
487594 489018
489522 489868
490539 490875
491896 492176
492677 493525
497897 499670
501020 501762
502367 503210
504073 504242
504962 505435
506031 508616
510867 511043
513986 514454
515193 515717
516365 516608
517452 520016
520612 521453
522674 530552
530768 531546
532325 532492
534019 534789
535866 538852
540507 540704
541510 543103
544718 544961
546171 547194
548171 548277
549991 551817
552487 552980
553694 554899
556585 557353
557914 558299
558886 559481
560570 562888
564053 564136
565242 565382
566181 566538
568005 569274
570845 570965
572340 573289
574153 574314
576560 577715
578098 580462
581298 581749
582471 584348
586231 587200
587961 588596
590811 590964
592056 592442
593720 594637
595264 595330
596866 597677
598362 599149
599719 601610
601923 602139
602879 603038
603590 604772
605353 605468
608662 609492
610848 610950
611755 612673
613536 613739
614442 615194
615824 616670
617699 618573
620071 621189
622975 626154
626677 629057
630381 630675
631937 632084
633152 633524
634645 635494
638720 640059
642395 642792
643595 644459
645531 645677
647347 647913
653020 654055
654603 655105
657042 657902
658588 658686
659466 659746
660618 660698
661955 662869
663368 663557
665396 666082
666522 667177
668068 668484
670217 670527
672177 672709
673305 673650
674369 674430
675528 676506
677153 677707
679940 680027
680995 681218
682548 682612
683232 683953
685205 685517
686253 686417
687805 688412
688878 689586
691082 691205
691728 691781
692898 693193
694125 694647
695180 695511
696151 697641
698462 698562
699140 712903
713202 742537
742641 743347
743620 743910
744204 746158
748034 749196
749806 751224
751834 751928
752742 755213
756007 756130
756754 756880
757811 758203
759442 759614
760695 761990
762605 762973
764373 765321
766613 767690
769019 769601
770059 770129
770849 771592
771782 773614
774766 776457
778128 778310
778952 780549
782145 782195
782898 783123
783872 784250
784983 785155
786603 789853
790561 790615
791477 791844
792523 792983
794418 795834
796356 796930
798448 799446
800022 800858
802767 803158
806346 807491
809605 809967
810624 811357
812578 812704
814472 814538
815842 816933
817525 817594
818464 818922
820767 820843
821499 821601
825831 826531
826609 827056
828252 828445
828753 829008
832373 832509
833133 834189
834461 834732
836273 836385
837427 838423
840209 840667
842634 845677
846174 846319
847258 847433
848186 848388
849161 849249
850377 850508
851250 851572
856620 858569
859305 859357
859863 860125
860753 861365
863852 864049
865007 865081
865748 867347
867999 868126
868840 869228
870392 870603
871222 871598
Tatumella_morbirosei_NZ_JPKR02000005.1
772 1039
1564 1643
2585 3435
3952 4384
6249 6703
7082 7387
8038 9692
10296 10661
13144 14414
16268 17233
18891 19104
19700 19762
20786 21438
22237 23278
23452 23895
25104 25651
27124 27981
28639 29437
29979 30037
30643 30725
32633 32846
33479 33938
35533 36633
38178 38304
39404 40725
41303 42913
43650 43782
45636 45740
46541 50818
54105 55454
56741 57878
58446 59176
61416 61597
62201 63392
63702 67597
69497 69573
70116 70318
71342 71542
73308 74559
77685 77801
78767 79408
80168 80575
82172 82276
83147 86440
86744 87677
88587 96704
97222 98809
99496 99574
100359 101125
102851 103453
104384 105480
106431 109558
110248 110329
110940 112143
113430 113691
114675 114768
116444 116528
118277 119230
121529 121624
122067 122261
123052 123320
123992 124866
127315 129318
130020 130436
132852 133919
136855 137011
137973 138858
140708 140903
142251 142443
145170 147641
148939 149565
150238 151531
152633 152993
155688 155916
156267 157457
158053 158458
159323 161840
162371 164180
165068 165938
166831 167486
170361 170696
171501 171804
173067 183243
184514 185211
186125 186478
189243 189619
190591 190841
191736 197628
199887 200456
201965 202546
203170 203341
204210 204651
205427 206536
207688 208048
209161 209334
210192 210363
211455 211668
212584 214677
219213 219335
219994 220667
222347 222822
224552 224709
225565 225878
226547 226674
227202 227274
230142 230708
231917 237837
238412 238967
239714 240618
241461 242504
243155 243204
245873 246020
247116 247230
248122 248407
249174 250317
251103 253832
256561 257114
259124 259953
261497 262158
262706 262773
264457 266986
267641 267867
269074 269785
270412 271337
271550 271983
272065 276672
277608 278135
279432 280681
282928 283683
286240 287329
288358 289072
290992 292751
294288 294450
295216 295747
296988 298466
299887 300441
301562 302165
302929 303196
307311 307906
309396 309470
311336 312113
314584 315068
315683 315761
316403 317620
318298 319437
321619 322850
323838 324969
326272 326812
327526 328215
329059 329442
331225 331905
332949 333607
334303 334723
335379 337244
338488 339058
339851 340014
341749 342175
342795 343804
347261 347867
349455 350131
351647 352346
352881 353340
355122 355539
356520 357230
358289 358663
359540 359786
360685 361487
362108 362239
364362 364491
365420 366122
366750 366858
367533 367584
368457 368772
370892 371515
372378 372679
374953 375393
377281 377399
377960 379272
379805 380610
381040 381401
382633 383296
383944 384246
385883 386767
389204 391154
391653 391735
392371 392687
393515 394279
394901 394950
396685 401710
403032 403154
404336 405202
406716 407700
408946 409422
411493 411713
412273 412770
415274 415713
417727 417988
420990 422084
423500 424056
425647 426050
428189 428294
428921 429198
429813 430296
430976 431415
432522 434246
434777 435273
436161 436265
436937 437780
438508 440188
440788 440862
441831 442062
442773 445267
446369 446888
447600 447741
448812 449486
449797 449980
450537 451132
452161 453062
453663 454389
456307 456712
459720 459967
461237 461676
462372 462975
463785 464025
465579 465929
466149 466248
467767 467874
468432 468708
470907 471973
472160 472613
473262 474317
475052 476310
476984 479509
480084 481115
481637 481876
482381 483383
483901 485147
485736 486456
487058 488811
489849 492761
493605 493736
495647 496363
498281 498484
499837 499929
501456 501953
502569 503100
503974 504240
505303 505373
505746 505800
507115 507456
508014 508330
508869 509985
510771 511750
512570 512864
513564 515300
515766 516071
518095 519605
520014 520748
520921 524368
526748 527850
530469 531102
533172 533869
534485 535138
536016 537181
538278 539675
540582 540830
545220 545504
546243 546694
550695 551053
552350 552784
553710 553815
555460 556006
556657 557510
558102 558665
560408 561010
563489 563697
564973 567700
568256 569234
569736 570685
570779 572795
573324 573904
574785 574973
575959 577160
581205 581601
583437 583673
585422 585915
586555 588880
589899 590331
591206 591330
592753 592933
593506 594244
596613 596726
598231 599336
600647 601025
602233 602792
604440 604988
605993 607243
608289 608445
608925 609102
609578 610621
611417 613700
614083 615030
615327 616543
618007 619539
620033 629194
629442 629612
629917 630420
630658 631514
634096 634547
635074 635948
636591 636911
639273 639885
640077 645424
646388 648414
650114 650215
651006 653420
654067 654413
656518 656586
658612 658713
660112 660181
661939 662472
665419 665618
668454 668972
669638 669941
671254 671727
672634 672995
673341 673882
675222 675274
676154 676601
677670 678580
679021 680627
681141 681490
682403 682779
683381 683479
684387 684444
685352 685621
686196 688673
689204 690154
691543 692101
694493 694647
696431 697137
699407 699790
701697 703922
704784 704849
705392 705509
706610 706744
708708 708829
711032 711283
712039 712231
713104 713835
715496 716173
718345 719589
720569 722573
723928 725273
725701 726536
727297 732997
733820 738088
740870 741217
742713 743999
744749 745005
747587 748084
750830 753658
754528 754863
755415 756258
760795 762331
763614 763885
767674 767873
768753 768806
770328 770636
771723 772186
773391 773461
774249 774404
776407 776591
777841 778238
778807 779540
780048 781487
784086 784970
785800 786125
787523 789373
790347 790428
792462 793961
794519 794973
795509 795680
800529 800721
801417 801477
802177 804214
805203 805277
806727 807132
808331 809828
812235 812314
813362 813435
814915 815946
818735 819220
820350 821717
822497 822733
824009 824894
826140 826515
827422 827570
828537 828717
829265 829423
830990 831458
831887 832121
832764 833741
834652 835099
835576 836026
837826 838259
840170 840541
841174 843401
845025 846111
848558 848679
851233 851310
852755 853814
854965 855655
856834 856996
857569 858846
859724 860423
861210 861434
867029 867853
869223 872304
874396 874472
875023 875892
879290 879476
880591 880667
881762 881930
882755 883275
885148 885513
886190 887090
887955 888398
889019 889463
890118 891507
892646 894070
894789 895010
895541 895914
897668 898610
900580 900782
902391 903237
903779 903842
905533 905796
906339 908038
909378 910976
911291 911608
911871 912387
913609 914613
915182 916052
916597 917609
918321 919139
920430 920973
921912 922066
923307 924954
926991 928831
929986 930596
930720 932662
933427 935711
936637 936808
937422 937669
938381 940051
940905 943246
943947 944714
945875 947200
948929 949310
950696 950943
952083 952179
953813 954679
955974 956453
957621 958623
959113 959176
962872 963366
964208 964847
965464 965666
968263 969611
970827 972648
973266 974818
976227 976432
977986 978275
980357 980951
981738 982369
982990 983097
984772 985435
987756 987834
989619 989957
991188 992378
992906 993814
996806 997803
1001881 1002657
1003771 1003822
1005788 1005858
1006045 1006234
1007290 1008547
1011214 1011311
1011972 1012651
1013329 1013851
1014777 1014945
1016358 1016620
1017460 1017768
1018575 1018852
1019591 1019809
1020434 1021470
1021962 1023417
1024146 1025082
1025714 1026602
1027801 1028993
1030266 1031145
1032138 1032888
1035242 1035896
1038579 1039104
1039839 1041120
1048108 1048158
1048736 1050954
