Pectobacterium_parmentieri_NZ_CP062254.1
1 2128
3016 4194
4896 14374
15090 24790
25399 27077
27979 28333
29427 38842
39573 44501
44620 49709
50386 55259
56194 74808
75508 85237
85900 88327
88537 92178
92607 93549
94234 94349
95086 97483
98141 100854
101880 106242
107066 116849
118634 127370
127604 129211
130647 134761
136228 146290
147230 159728
160331 162471
163014 169105
169754 184215
185221 187828
187998 188105
189077 189482
190190 191581
191837 191939
195542 195924
196482 208611
209257 210075
212251 222917
223143 230613
231672 231789
233770 235286
236363 237073
237963 239815
240753 241148
241652 243488
244937 248852
250592 254262
256434 256895
257569 257621
258200 262362
262463 270281
270869 294359
295044 304147
305168 314812
315468 320324
321948 334347
334949 343547
344094 346357
346927 348518
349132 350203
351160 353673
353871 355038
355866 365786
367588 369342
370061 371002
372029 382168
382750 391873
391969 392054
392697 392782
393435 457744
457991 463333
463555 467847
468602 488944
489448 494631
495042 496082
496898 498268
498911 499418
500165 500799
501610 519023
520018 520381
520573 523484
523800 524123
524337 527518
528112 531032
531411 561327
562472 586726
587209 592558
593259 620492
620848 628695
629311 648266
649252 652739
653127 654128
655583 658897
659399 665166
665708 672458
673057 676509
676688 679687
679871 682859
683625 683732
684384 685092
685808 731736
732397 747409
748285 748734
749446 749779
750767 758509
759203 772220
772846 783806
784400 800200
800872 801006
801584 802971
803536 805177
807066 808929
809890 813152
815069 815784
816627 824506
825538 825728
827083 827412
828456 830239
832030 832393
833110 840553
841188 843761
843992 846528
846746 850282
851552 860714
860996 866216
866801 870385
870567 884836
885355 888080
888970 894699
895396 932420
933292 935708
937280 947532
948005 954427
955100 958050
958649 960041
960763 970440
971353 990840
991809 996195
996872 997874
999290 999405
1000035 1001995
1003120 1003276
1005453 1006294
1007091 1016840
1017933 1018346
1018886 1023367
1024278 1034636
1035178 1035370
1035556 1044930
1047402 1047824
1049797 1056888
1057462 1059529
1060118 1061294
1061420 1062810
1063369 1067498
1067715 1072255
1072675 1077409
1079236 1083673
1084655 1085080
1085640 1111294
1111998 1112133
1113275 1117552
1118029 1121877
1123344 1129510
1130358 1160793
1162372 1165275
1166106 1166198
1166698 1176275
1177233 1179635
1180277 1182185
1182866 1184327
1185092 1193454
1194051 1194920
1195521 1196165
1196978 1201462
1202339 1216701
1217056 1224507
1225920 1226672
1226888 1227582
1228440 1246001
1246357 1247797
1249089 1251192
1251975 1252059
1252827 1255464
1256752 1286387
1288087 1288928
1289465 1291396
1291488 1313006
1313369 1315896
1316979 1317603
1318286 1319624
1320304 1329240
1330619 1332271
1332748 1338144
1338763 1394902
1395616 1396068
1398766 1399986
1401019 1402118
1402831 1408295
1408760 1412417
1413639 1425163
1425512 1448090
1448840 1460000
1460208 1494332
1495417 1498514
1499225 1500659
1501133 1507599
1507785 1519522
1520267 1526202
1526614 1531673
1531909 1538353
1538811 1543947
1544332 1554382
1555920 1559058
1559761 1566263
1566521 1566742
1567199 1573517
1574221 1574810
1575361 1579801
1580397 1585374
1586405 1587507
1588011 1588411
1589440 1590633
1592046 1592578
1594650 1611162
1612172 1615344
1616048 1621688
1622651 1630071
1630190 1649662
1649944 1654762
1655088 1665346
1666230 1668694
1668777 1672890
1673823 1674830
1675577 1675632
1677385 1777530
1778166 1792544
1793060 1797077
1797911 1808349
1808975 1812775
1813427 1838135
1838337 1839340
1840059 1845851
1846393 1860621
1861048 1862289
1863188 1866279
1866672 1867151
1867631 1889062
1889869 1904197
1904656 1905295
1905823 1916893
1917963 1933031
1933476 1938100
1938651 1945337
1945678 1948552
1949409 1949695
1950051 1956555
1957334 1958066
1959317 1959991
1960384 1964942
1965237 1983063
1983795 1984411
1984875 1986415
1987301 1987997
1988653 1996379
1997192 1998546
1999220 2007221
2007771 2012412
2013844 2042170
2042970 2043548
2044206 2048877
2049530 2052325
2053042 2055144
2055778 2084036
2084900 2086290
2086786 2091024
2091247 2107559
2107972 2113532
2113730 2114844
2115163 2148739
2149614 2166117
2167080 2177913
2178511 2179317
2180640 2198168
2199188 2201262
2201936 2207079
2207934 2208016
2208832 2220552
2220741 2226305
2226433 2239731
2240252 2244138
2244799 2260756
2261122 2262565
2263339 2276562
2276665 2292454
2292883 2293875
2294066 2294151
2294949 2299387
2299896 2314378
2315707 2342900
2343203 2343713
2344275 2353354
2354109 2363219
2364700 2382674
2383306 2396220
2396801 2397350
2397939 2398782
2399333 2400258
2400350 2425815
2427342 2437330
2437902 2438477
2438977 2441996
2442514 2469105
2469410 2471292
2472630 2477428
2477964 2482328
2483246 2483481
2483957 2541479
2542326 2549724
2550115 2566600
2566893 2577060
2577269 2582655
2582820 2583581
2584028 2613580
2613733 2634344
2634627 2643939
2644565 2645289
2646063 2647025
2647501 2647815
2648103 2649048
2649893 2654482
2655975 2664322
2664758 2666007
2666320 2674923
2675256 2687608
2688015 2698083
2698646 2703072
2703572 2706173
2706255 2706354
2706549 2708661
2709428 2712011
2712605 2722381
2722935 2725244
2725725 2725845
2726443 2741121
2742675 2748685
2749177 2752461
2752851 2758981
2759597 2764164
2764762 2767593
2768225 2768624
2770680 2778568
2778788 2781281
2781999 2821988
2822653 2827811
2828557 2860253
2861291 2870368
2870776 2873219
2874882 2891407
2892132 2894067
2894643 2894742
2894872 2897253
2897835 2900103
2900757 2904107
2904766 2904836
2905292 2908681
2909048 2916145
2916316 2916485
2917526 2926330
2927673 2928717
2929292 2935391
2936470 2946223
2947078 2960471
2960619 2971394
2972134 2974849
2975488 2989055
2989723 2999089
2999791 3002705
3003141 3005638
3006182 3006501
3008701 3017480
3017865 3042484
3042880 3048602
3049280 3059483
3060035 3061004
3061288 3065312
3065624 3067687
3068485 3069070
3069383 3081680
3082090 3082306
3082817 3108214
3108879 3114032
3114916 3117503
3117661 3121413
3122359 3132908
3133705 3134202
3135995 3167746
3169441 3173478
3174202 3175129
3175458 3176363
3177424 3185484
3186090 3189477
3190321 3193694
3194676 3197137
3197839 3206154
3206865 3209594
3210725 3219788
3220722 3221968
3222975 3227538
3228003 3228112
3228627 3229182
3230377 3231609
3232865 3233210
3234384 3235185
3235741 3235821
3236885 3237204
3237759 3266542
3266899 3267783
3267939 3270033
3270622 3270974
3271457 3272199
3272803 3276972
3277769 3278173
3278786 3280595
3281556 3281913
3283728 3290194
3290885 3292431
3292540 3293217
3293820 3296677
3297269 3300748
3300960 3301084
3301403 3303605
3304533 3321361
3321907 3330633
3331647 3334030
3334314 3355489
3356296 3356812
3358409 3359582
3360362 3362346
3363337 3368617
3369240 3372584
3373325 3380636
3381248 3383271
3383578 3383721
3384620 3387007
3388237 3391810
3392093 3392910
3394504 3400363
3401824 3414128
3416309 3417064
3418951 3424672
3425399 3426024
3427389 3432960
3433836 3436859
3437490 3444176
3444811 3446212
3446435 3450485
3451060 3455630
3456542 3461894
3462636 3463511
3464391 3467103
3467671 3469743
3470250 3490548
3490718 3494002
3494464 3496258
3496354 3514371
3514833 3517664
3517945 3520066
3520793 3521126
3521813 3521907
3523141 3527109
3527821 3533220
3534403 3536024
3537047 3538103
3539624 3543973
3544383 3544506
3544789 3551605
3552707 3555802
3556826 3556950
3557253 3557451
3558233 3564518
3565322 3567807
3568396 3580104
3580804 3583853
3584462 3591695
3592602 3594642
3595680 3606987
3607824 3695294
3695525 3709082
3709861 3716111
3716954 3739167
3740674 3758385
3758920 3782192
3782859 3784038
3784591 3789908
3790244 3790552
3791061 3792900
3793403 3801155
3802120 3804423
3804986 3805188
3806565 3806824
3807793 3808813
3809633 3809713
3810147 3817146
3817934 3821420
3822222 3830093
3830599 3832587
3833521 3835950
3836555 3836885
3837395 3846268
3847232 3854524
3854787 3864802
3865638 3866870
3867325 3869575
3872111 3883126
3883632 3884288
3884751 3891168
3891290 3904783
3906051 3908396
3910638 3917584
3918124 3918736
3919402 3927594
3928471 3933676
3934122 3939313
3939900 3941186
3941555 3948002
3948721 3953689
3954421 3970048
3970390 3974541
3975673 3976071
3976759 3982584
3982749 3997091
3998107 4003054
4003656 4004983
4005628 4013196
4014437 4015454
4015804 4019645
4020609 4022682
4023517 4024629
4024697 4027149
4027465 4053425
4054117 4056851
4057477 4118680
4120675 4121995
4122170 4122405
4124121 4131735
4132175 4135048
4136431 4143316
4144611 4147119
4147616 4153641
4154410 4160337
4161252 4161446
4162117 4164892
4165514 4183600
4183933 4191769
4192189 4200102
4200659 4205247
4206686 4207578
4208321 4213031
4213612 4214298
4214967 4217591
4218807 4225927
4226467 4227807
4228500 4236629
4238395 4241495
4242069 4248232
4248550 4253353
4254089 4255511
4256204 4283870
4285050 4288095
4289250 4298086
4298825 4303172
4304142 4317564
4318521 4319995
4320514 4321053
4322152 4325560
4326621 4334468
4334733 4340706
4341142 4343106
4344037 4349818
4351616 4352538
4353059 4366762
4367874 4368471
4369652 4369760
4370658 4370866
4374862 4375182
4375897 4376886
4378149 4379430
4381968 4382655
4384124 4384346
4384883 4385396
4386604 4389551
4390306 4404420
4404847 4404933
4405384 4408465
4409550 4412533
4413226 4413606
4414239 4415625
4415918 4421297
4422746 4423070
4424261 4425684
4426667 4432435
4433310 4438083
4438841 4440646
4442548 4446746
4447543 4449234
4449752 4452381
4452924 4456647
4457565 4469706
4470404 4491847
4492130 4512514
4513288 4519210
4519893 4523925
4524527 4526514
4527573 4541145
4542187 4551745
4552467 4557473
4557726 4558172
4558321 4560124
4560370 4562460
4564226 4567594
4568413 4568535
4569165 4583559
4584969 4585642
4586416 4586743
4588133 4592155
4592235 4592349
4592442 4595285
4596392 4599161
4600150 4603506
4604216 4605296
4605686 4606654
4607207 4610343
4610949 4625625
4626187 4629466
4630088 4640972
4641373 4641860
4642177 4644819
4644943 4648425
4648933 4654715
4655218 4663359
4664786 4747542
4748411 4750458
4751276 4751341
4751746 4757338
4757601 4759492
4761026 4762711
4763389 4766372
4767896 4772547
4773807 4776516
4776849 4780628
4781368 4789335
4789737 4792045
4793031 4794219
4795443 4799102
4799468 4805642
4806452 4815127
4815331 4818621
4819239 4823681
4824188 4828561
4829118 4834265
4835039 4841998
4842592 4842799
4843306 4847108
4847740 4849610
4850341 4852110
4852704 4853343
4853891 4855480
4856664 4859746
4860455 4860906
4861550 4866057
4866867 4874296
4874839 4882344
4883383 4884715
4885578 4889462
4890425 4892091
4893029 4894486
4895845 4896504
4896703 4898786
4899299 4899424
4900383 4901098
4901890 4906157
4906440 4906690
4907052 4911545
4912334 4923304
4924818 4924933
4925762 4926179
4926308 4927586
4928192 4935634
4936983 4942393
4942523 4943631
4943754 4944471
4944644 4950925
4951700 4952511
4953509 4953749
4955444 4961250
4963586 4964240
4965133 4966859
4968541 4969785
4970540 4971562
4972811 4988930
4989435 4992522
4993108 4994231
4994719 5007600
5008272 5011532
5012059 5014686
5015443 5017355
5018251 5026298
5028034 5047152
