Leuconostoc_pseudomesenteroides_KCTC_3652_NZ_BMBP01000001.1
2779 2834
7052 7101
8566 8648
12180 12672
17845 18091
19989 20510
25640 25747
29611 29946
32142 32305
36363 36776
39708 40061
41126 41319
45896 46087
53338 54404
61451 62050
64813 65103
71915 72263
80753 80837
81621 81880
82786 82894
97688 97911
101663 101827
113639 113906
119958 120251
123203 123489
126475 127170
129866 130161
143246 143430
145708 145774
149578 149723
150925 151053
157165 157247
170432 170555
171660 171737
174458 174577
177198 177319
188534 188928
192039 192202
195372 195555
205472 205640
206517 206566
207798 208337
209110 209220
211534 212013
212853 214045
220658 220726
229479 229706
230236 231233
232475 232565
257612 258191
287575 287706
295779 295853
297098 297284
298909 298969
333037 333239
360408 360477
361511 363188
380764 380858
381805 381873
384447 384755
396619 396835
429212 429441
431845 431970
469627 470407
476583 476667
479785 479892
485533 485606
Leuconostoc_pseudomesenteroides_KCTC_3652_NZ_BMBP01000002.1
1 51
292 2966
3882 8664
9677 9940
10010 10483
12681 13721
14276 18310
18859 19014
19461 23708
24482 25798
27001 27321
28188 28886
29792 32823
35751 35870
35973 36257
36365 36563
38092 39999
40566 40851
42393 42449
44143 44799
44881 48261
52239 52555
54318 55360
60513 61711
62255 63872
64478 66301
67458 67598
69656 69753
72475 73408
75354 75532
76646 76768
78691 78800
82107 82397
83567 83756
84413 84495
86872 87251
90490 90834
91641 93016
93682 93936
94616 94679
96157 98425
101686 101963
102475 103653
104082 104207
105246 114228
115830 116311
117376 125015
125572 133859
134453 135918
137360 138648
139190 144887
145615 150364
153792 153855
155412 155490
156511 156727
163950 164530
174346 174525
183186 183357
193960 194241
194890 195102
197984 198217
208756 208913
212934 213173
214831 214960
219380 219864
220074 220183
220383 221519
222506 222962
223135 223388
223781 235709
235897 242668
243508 245450
245864 247380
248593 249157
249237 249526
250180 250406
252563 252895
253033 253809
254519 254897
255984 256831
256940 257919
258028 258299
267960 268105
273631 273796
278422 278576
280953 281101
282848 283301
284016 285841
287377 288154
297374 297583
304297 304519
309088 309221
314264 315298
318585 318875
319596 319688
321072 322415
322599 325078
327045 327789
327992 328830
330668 331222
331329 331953
332207 332783
333372 333606
335141 335466
335660 339941
340509 363066
365163 365949
366574 366824
367469 367544
375097 375573
375660 378453
381448 382460
386709 386803
389283 389533
400376 400453
402546 402679
405965 406081
407814 408064
417762 418078
432147 432199
435214 435345
439173 439233
440245 440305
443972 444032
456884 456977
Leuconostoc_pseudomesenteroides_KCTC_3652_NZ_BMBP01000003.1
1377 1481
15996 16704
17009 17547
17812 18188
18739 19066
20012 20469
21384 21866
30472 30591
37971 38058
38919 39510
42265 43103
74949 77319
77437 77609
78069 78465
80932 81395
84656 84822
87325 87392
93707 93959
100446 100500
104657 104785
118177 118282
120518 120682
129666 129763
149714 150548
151427 152127
152806 153521
154863 155021
157286 157751
170600 170707
171917 172653
175614 175720
195514 195781
196980 197164
201907 202206
Leuconostoc_pseudomesenteroides_KCTC_3652_NZ_BMBP01000004.1
20168 20261
21061 23073
40948 41263
72004 75046
76858 77181
77899 79581
80105 80840
81855 81996
82747 82967
88361 88842
91027 91193
93123 93198
106784 107671
111526 111986
119442 119656
120507 121079
125619 126084
126643 126765
Leuconostoc_pseudomesenteroides_KCTC_3652_NZ_BMBP01000005.1
16511 16827
19812 20086
51199 51367
53562 53759
63259 63391
69875 70280
85333 85415
90472 91047
94281 95421
96224 97185
100257 100959
101807 102143
104381 104679
105255 105330
107435 113023
113931 115333
124038 124340
126013 126157
Leuconostoc_pseudomesenteroides_KCTC_3652_NZ_BMBP01000006.1
1 1295
27771 36137
43369 43453
45690 45799
63412 63662
65799 65999
87086 88197
89553 89892
102250 102305
Leuconostoc_pseudomesenteroides_KCTC_3652_NZ_BMBP01000007.1
1 57
13191 13453
32341 32474
40748 41002
42480 42649
47705 48042
61121 61418
65277 66501
67452 67763
68476 68613
70727 71819
73936 74276
74455 74676
78809 79232
83741 83892
86105 86423
87059 88222
89476 90043
90725 92558
94095 94463
95090 95212
96133 101432
Leuconostoc_pseudomesenteroides_KCTC_3652_NZ_BMBP01000008.1
149 271
2967 3227
6831 7068
12107 12301
13003 13103
16503 16660
27584 28000
28947 29049
31173 31270
37257 37309
41083 41299
42456 42961
46355 46906
52767 53028
55074 55337
58876 59496
63737 63941
64646 65679
67318 67594
70108 70271
72643 72942
73806 73893
85137 85287
86840 87443
90043 90667
98738 98971
99535 99592
Leuconostoc_pseudomesenteroides_KCTC_3652_NZ_BMBP01000009.1
5836 6031
17409 17779
41653 41844
46297 46353
50638 50717
60963 61059
61564 61674
66319 66514
93400 93726
Leuconostoc_pseudomesenteroides_KCTC_3652_NZ_BMBP01000010.1
181 672
3135 3415
20835 21417
30960 32010
34085 34271
34791 36780
42381 42651
44086 44185
51591 52109
63363 64015
67830 68252
71479 71727
72257 74792
76897 77101
89375 89937
Leuconostoc_pseudomesenteroides_KCTC_3652_NZ_BMBP01000011.1
1 351
11292 11430
16534 16683
21304 21955
24821 24908
26824 27007
29375 29479
31154 31476
33726 34141
34845 46160
46339 48405
49364 49551
50190 50407
51054 66287
Leuconostoc_pseudomesenteroides_KCTC_3652_NZ_BMBP01000012.1
3019 3136
6240 6343
6886 7050
8577 12716
13151 14615
14992 15464
15812 15870
18551 18711
30593 31084
Leuconostoc_pseudomesenteroides_KCTC_3652_NZ_BMBP01000013.1
4580 4989
6606 6834
Leuconostoc_pseudomesenteroides_KCTC_3652_NZ_BMBP01000014.1
1706 2149
2947 3008
5316 5795
8820 8915
16582 16816
24331 24646
26106 26320
Leuconostoc_pseudomesenteroides_KCTC_3652_NZ_BMBP01000015.1
1 146
385 978
1609 1885
2949 4721
5242 7679
8744 9813
13789 14091
15196 15292
20538 20675
Leuconostoc_pseudomesenteroides_KCTC_3652_NZ_BMBP01000016.1
151 890
2403 3651
4151 7660
7801 7956
8049 8105
Leuconostoc_pseudomesenteroides_KCTC_3652_NZ_BMBP01000017.1
1 67
147 464
1188 1543
1851 2343
3822 3992
4506 4818
5429 5704
5916 6060
Leuconostoc_pseudomesenteroides_KCTC_3652_NZ_BMBP01000018.1
271 3031
3453 5089
Leuconostoc_pseudomesenteroides_KCTC_3652_NZ_BMBP01000019.1
Leuconostoc_pseudomesenteroides_KCTC_3652_NZ_BMBP01000020.1
1 143
1422 1569
Leuconostoc_pseudomesenteroides_KCTC_3652_NZ_BMBP01000021.1
1368 1424
Leuconostoc_pseudomesenteroides_KCTC_3652_NZ_BMBP01000022.1
1226 1298
Leuconostoc_pseudomesenteroides_KCTC_3652_NZ_BMBP01000023.1
1 689
Leuconostoc_pseudomesenteroides_KCTC_3652_NZ_BMBP01000024.1
576 715
Leuconostoc_pseudomesenteroides_KCTC_3652_NZ_BMBP01000025.1
Leuconostoc_pseudomesenteroides_KCTC_3652_NZ_BMBP01000026.1
Leuconostoc_pseudomesenteroides_KCTC_3652_NZ_BMBP01000027.1
1 577
Leuconostoc_pseudomesenteroides_KCTC_3652_NZ_BMBP01000028.1
1 523
Leuconostoc_pseudomesenteroides_KCTC_3652_NZ_BMBP01000029.1
1 505
