Tatumella_punctata_NZ_BAAAFW010000001.1
1 1041
Tatumella_punctata_NZ_BAAAFW010000002.1
1 3085
3662 6975
Tatumella_punctata_NZ_BAAAFW010000003.1
1 1242
1844 7144
8022 10950
11188 14237
14239 15795
16391 19700
Tatumella_punctata_NZ_BAAAFW010000004.1
1 2042
3110 3620
4224 6072
6607 11358
Tatumella_punctata_NZ_BAAAFW010000005.1
1 327
329 813
Tatumella_punctata_NZ_BAAAFW010000006.1
1 336
338 822
Tatumella_punctata_NZ_BAAAFW010000007.1
1 4480
Tatumella_punctata_NZ_BAAAFW010000008.1
1 4582
5002 5442
5826 8344
9376 10388
11062 16171
16872 18323
18890 32967
33894 35234
36217 60296
60821 66907
67761 70868
71394 73298
73740 77223
77871 88421
89107 97045
97746 108552
Tatumella_punctata_NZ_BAAAFW010000009.1
1 2470
3133 6835
7450 10128
10781 12633
13608 19614
20584 25473
Tatumella_punctata_NZ_BAAAFW010000010.1
1 663
665 834
Tatumella_punctata_NZ_BAAAFW010000011.1
1 328
330 7416
Tatumella_punctata_NZ_BAAAFW010000012.1
1 1691
2177 3026
3721 4013
4751 7555
8540 8934
10022 16865
17585 18634
19609 20699
21377 22085
22913 23111
23918 25597
26873 30445
31311 32664
33813 33941
34661 40544
41154 41953
42692 42997
43789 46813
47785 49977
50952 52470
53287 59660
60493 61416
62371 68950
69422 72810
73590 78424
78960 82973
83900 86352
87339 89319
90104 90394
91339 96740
96996 97376
99019 100652
102032 103149
103745 104950
105460 108627
109132 109273
110923 116434
117292 118030
118624 122289
122800 124166
124713 127301
128032 133842
134381 134474
135170 142037
142663 143594
144251 147229
147888 148621
149790 154037
154553 170243
Tatumella_punctata_NZ_BAAAFW010000013.1
1 160
Tatumella_punctata_NZ_BAAAFW010000014.1
1 4571
5742 7203
8362 8523
9105 14801
15343 16883
17561 26496
27122 31046
31634 43743
44371 45027
45541 46994
47631 50017
50931 53906
54483 59959
60547 62721
63530 65315
66316 66436
67895 71327
72090 74832
76060 78613
79198 79767
80525 88983
89139 93169
93793 95017
95700 101996
102641 103389
103894 105556
106317 116346
117055 117385
117954 127488
128190 133402
134065 144470
145131 146100
146941 150172
150862 151434
152079 153358
154603 155119
155645 155719
156254 156434
157436 163186
163687 168594
169234 170919
171423 172107
172217 173609
Tatumella_punctata_NZ_BAAAFW010000015.1
1 3792
3794 4055
Tatumella_punctata_NZ_BAAAFW010000016.1
1 407
409 5383
5626 6248
Tatumella_punctata_NZ_BAAAFW010000017.1
1 2369
2977 8996
9537 15365
15870 18537
19117 21445
22564 24886
26171 26499
27142 38503
38893 39996
40750 45667
46516 47556
47633 51161
51459 51920
52978 58092
58590 60159
61146 63536
64361 68783
69125 70404
70949 71351
72148 86586
87175 95061
95578 96101
97067 99172
99174 101646
101887 109995
110515 112968
113351 128008
128541 130357
131156 132260
132865 135667
136174 140975
141902 142111
Tatumella_punctata_NZ_BAAAFW010000018.1
1 1910
1912 11040
12200 14961
15490 16600
17102 23508
24184 24947
25459 25798
26374 29377
30012 31703
32226 36314
36919 45139
45759 50787
51332 52654
Tatumella_punctata_NZ_BAAAFW010000019.1
1 1646
2151 2974
Tatumella_punctata_NZ_BAAAFW010000020.1
1 380
382 3588
Tatumella_punctata_NZ_BAAAFW010000021.1
1 385
387 2905
Tatumella_punctata_NZ_BAAAFW010000022.1
1 788
790 1040
Tatumella_punctata_NZ_BAAAFW010000023.1
1 1182
1184 1434
Tatumella_punctata_NZ_BAAAFW010000024.1
1 733
Tatumella_punctata_NZ_BAAAFW010000025.1
1 1596
2532 3044
4187 7077
7590 7683
8488 11211
11828 20580
21220 26748
27278 30942
31471 31567
32174 35870
36715 43612
44322 45341
45876 50143
50274 52959
53626 55585
56383 57339
57918 61775
62412 68847
69408 70155
70816 71412
72128 73326
74140 87036
87618 91899
92431 94100
94609 110776
112021 114617
114889 115040
115426 115846
117365 119380
120035 120140
120396 124823
125658 126301
127543 137305
137408 142651
143322 144003
144925 147898
148402 148703
149622 151429
152122 152957
153706 161526
162327 163322
164938 165687
166336 171065
171597 178151
178267 184787
Tatumella_punctata_NZ_BAAAFW010000026.1
1 623
1530 2188
Tatumella_punctata_NZ_BAAAFW010000027.1
1 1657
Tatumella_punctata_NZ_BAAAFW010000028.1
1 1657
Tatumella_punctata_NZ_BAAAFW010000029.1
1 12331
12836 18553
19117 23944
25015 26095
27878 29705
30261 32462
33245 44677
46750 48835
49176 51839
52768 55024
55940 57860
58180 59471
59991 67355
68067 70855
71926 74735
75308 75825
76124 76346
77043 83947
84474 85857
86769 88083
88641 90912
91675 91756
92378 95856
96001 96762
97295 97979
98557 105869
106952 113959
114613 115258
115378 115784
116303 117771
118626 121006
121670 121755
122548 130033
130617 136383
137449 138827
139576 141599
142293 145361
Tatumella_punctata_NZ_BAAAFW010000030.1
1 597
Tatumella_punctata_NZ_BAAAFW010000031.1
1248 2579
Tatumella_punctata_NZ_BAAAFW010000032.1
1 562
Tatumella_punctata_NZ_BAAAFW010000033.1
1 962
Tatumella_punctata_NZ_BAAAFW010000034.1
1 962
Tatumella_punctata_NZ_BAAAFW010000035.1
1 891
1229 3350
3887 22716
24000 25212
25958 29714
Tatumella_punctata_NZ_BAAAFW010000036.1
1 418
420 2213
2758 2979
3412 4561
Tatumella_punctata_NZ_BAAAFW010000037.1
466 8722
9232 16187
16731 21674
22379 24281
24921 26080
26366 28807
28955 33145
34587 36948
37351 38016
39199 40782
41487 47311
48516 48566
49912 50327
51051 57174
57717 62506
63166 64734
65529 67907
68761 69728
69940 75059
75654 81122
81516 85959
86826 99740
100639 109293
109866 112414
112587 116865
117400 124072
125005 126965
127608 131478
132107 133566
134212 140265
140876 150170
150914 151458
Tatumella_punctata_NZ_BAAAFW010000038.1
1 1459
Tatumella_punctata_NZ_BAAAFW010000039.1
1 577
1602 2041
2752 5246
5448 5795
6422 7650
8701 10110
10112 10431
Tatumella_punctata_NZ_BAAAFW010000040.1
1 224
875 2110
Tatumella_punctata_NZ_BAAAFW010000041.1
1 1890
2410 6713
7422 9884
10302 10933
11977 15658
16345 16959
17828 21727
22168 25072
25723 33618
34143 41702
Tatumella_punctata_NZ_BAAAFW010000042.1
1 398
400 1015
1673 2487
3294 4542
5294 6333
6985 7601
8104 14847
15192 20772
21768 23467
24184 28131
28665 29931
30691 31124
31633 31972
32529 33864
34549 41656
42380 42613
43371 46965
47708 47960
48504 54712
55471 56934
Tatumella_punctata_NZ_BAAAFW010000043.1
1 1518
1520 3201
Tatumella_punctata_NZ_BAAAFW010000044.1
1 3500
Tatumella_punctata_NZ_BAAAFW010000045.1
1 3465
Tatumella_punctata_NZ_BAAAFW010000046.1
1 275
835 987
1505 5712
6251 6796
7353 11560
11918 12779
Tatumella_punctata_NZ_BAAAFW010000047.1
1 1701
Tatumella_punctata_NZ_BAAAFW010000048.1
1 621
994 1233
Tatumella_punctata_NZ_BAAAFW010000049.1
1 546
548 953
Tatumella_punctata_NZ_BAAAFW010000050.1
1 281
376 853
1358 4567
5224 6600
7224 10491
11689 13137
13633 15050
15651 17660
18179 20662
21291 24634
25996 28091
28658 31013
31918 32904
33209 45219
45533 49590
50519 56489
57035 65480
65863 68989
69716 70722
71452 71951
72632 73435
73725 75506
75795 77772
78299 80030
80915 83107
84043 85570
86421 87828
88353 92045
93221 93432
94742 97591
98276 100964
101737 102934
103465 104076
104810 111212
111950 124856
125546 127620
129220 129278
130021 137022
138031 139370
140718 145049
145802 149026
149597 149906
150521 152103
152208 153199
153898 162246
163008 164791
165376 166913
167550 173741
174306 176215
176998 179457
180745 181593
182210 183193
183627 191037
192484 196092
197135 198519
199147 199268
200130 200494
201095 210108
211070 222354
222920 223855
224584 227214
227808 232871
233572 233830
234584 234786
235418 238080
238635 241735
242383 249842
250490 252870
253593 253685
253946 255910
257102 258944
259518 262782
263267 265973
266563 266703
267295 268383
269212 270326
270890 280294
280844 282894
283909 285025
285720 285776
286392 287842
288465 289179
289581 290386
291085 291947
292593 292833
293660 297905
Tatumella_punctata_NZ_BAAAFW010000051.1
1 560
562 2233
2457 8111
8550 10243
10731 14279
14938 16682
17220 17652
18256 19652
19774 23534
24093 25392
25855 26269
26885 28395
29083 33028
Tatumella_punctata_NZ_BAAAFW010000052.1
1 613
615 1083
Tatumella_punctata_NZ_BAAAFW010000053.1
1 879
881 1818
Tatumella_punctata_NZ_BAAAFW010000054.1
1 10324
10892 18038
18540 24274
24712 27350
27898 35566
36226 42458
43216 43379
44252 44990
45510 52176
53300 60295
60827 60997
61778 62985
63779 66162
66679 70290
71063 71348
71545 71966
72481 73071
73810 76482
77317 86229
87118 90747
90933 91096
91447 93870
95140 95211
96014 97328
97408 98522
99209 99867
100613 104615
105162 105494
106071 110593
111033 114791
115857 118280
118759 120783
121404 123502
124044 126882
127296 127413
Tatumella_punctata_NZ_BAAAFW010000055.1
271 3662
4045 7230
7781 10189
10326 11964
12690 15488
16251 21006
21355 21979
22108 24887
25954 26120
26664 38243
38857 39568
40370 42900
43474 45090
45619 47479
48229 51106
52604 53703
54370 60236
Tatumella_punctata_NZ_BAAAFW010000056.1
1 172
694 1091
1497 11091
12003 17192
17598 18133
19045 21721
22356 35280
35975 36890
37846 40267
40956 48305
49719 52109
Tatumella_punctata_NZ_BAAAFW010000057.1
1 5054
5056 5942
6613 10515
11063 11704
12283 12630
13552 18221
18827 29039
29557 31441
32858 33613
34348 34436
34571 34679
Tatumella_punctata_NZ_BAAAFW010000058.1
1 593
1167 5660
6366 6764
7506 8076
8641 13382
14252 15184
16001 19486
20232 21832
22127 24801
26483 28083
28754 30876
31512 33314
34389 34877
36120 44400
45024 50168
50835 51028
51609 52626
53322 55636
56479 57379
58043 64122
65148 75103
75841 76742
77495 87132
88183 90773
91604 93687
94190 95233
95791 97427
97588 99202
100017 100227
100755 105447
106002 106829
107629 114034
114827 116945
117704 120943
121530 129961
130904 138598
139187 141027
141736 141992
143357 143574
144232 145197
146619 149013
149875 151506
152685 152888
153544 155184
156115 159386
159901 166244
166466 167154
167894 169698
170206 170894
171432 172961
173946 185719
186495 189088
189666 191243
191790 192698
193392 194444
195122 195269
195774 196958
197627 203604
204162 208592
209427 209526
210144 214017
214576 215012
215501 222795
223816 224914
Tatumella_punctata_NZ_BAAAFW010000059.1
1 20507
21196 23383
24219 25026
25430 26349
26922 35813
36328 38297
38927 42462
42756 42920
43314 43867
44898 46461
47423 49109
49614 51582
52150 53185
53944 56505
57463 58821
59631 62645
63352 75200
75796 91753
92414 94857
95522 97985
98491 104358
105087 113327
113910 117333
117676 139298
139825 142561
142826 155572
156092 157357
158155 161932
162484 173291
173879 186152
186811 187990
188658 196342
196536 196696
197413 198293
198964 199480
200428 203147
203835 207592
207931 208665
209889 213848
214356 215066
216569 221109
221473 225406
225984 227800
228337 234551
235698 240998
241550 248291
248937 249017
250657 259864
260555 265299
266490 267379
268218 281031
282214 286683
287170 288220
Tatumella_punctata_NZ_BAAAFW010000060.1
1 19456
19941 37978
38351 39034
39581 40320
41665 52613
53247 54770
55415 64892
64894 65377
65977 66252
66800 67647
68493 72083
72244 89801
90797 96112
96920 98135
98855 101146
101696 106781
107474 107776
108371 111591
112519 115470
116535 120217
120882 121771
122303 123140
123730 128649
129271 133807
134418 135769
136413 139067
139623 141492
142418 142855
143514 146635
147226 148918
149695 157386
158496 162940
163504 172364
172739 172936
174175 174385
175216 176533
177536 190069
190582 200963
201821 202905
203477 216544
217096 220923
221656 222305
222976 234425
235003 235520
236072 239317
239864 246569
Tatumella_punctata_NZ_BAAAFW010000061.1
272 500
Tatumella_punctata_NZ_BAAAFW010000062.1
179 508
Tatumella_punctata_NZ_BAAAFW010000063.1
346 535
Tatumella_punctata_NZ_BAAAFW010000064.1
1 539
Tatumella_punctata_NZ_BAAAFW010000065.1
1 578
Tatumella_punctata_NZ_BAAAFW010000066.1
1 591
Tatumella_punctata_NZ_BAAAFW010000067.1
1 595
Tatumella_punctata_NZ_BAAAFW010000068.1
Tatumella_punctata_NZ_BAAAFW010000069.1
1 718
Tatumella_punctata_NZ_BAAAFW010000070.1
1 768
Tatumella_punctata_NZ_BAAAFW010000071.1
1 801
Tatumella_punctata_NZ_BAAAFW010000072.1
1 295
Tatumella_punctata_NZ_BAAAFW010000073.1
1 869
Tatumella_punctata_NZ_BAAAFW010000074.1
1 1110
Tatumella_punctata_NZ_BAAAFW010000075.1
1 1222
Tatumella_punctata_NZ_BAAAFW010000076.1
1 66
830 1292
Tatumella_punctata_NZ_BAAAFW010000077.1
811 1117
Tatumella_punctata_NZ_BAAAFW010000078.1
1 92
778 1029
1221 1420
Tatumella_punctata_NZ_BAAAFW010000079.1
298 2671
Tatumella_punctata_NZ_BAAAFW010000080.1
1 2556
3205 3584
Tatumella_punctata_NZ_BAAAFW010000081.1
1 4316
Tatumella_punctata_NZ_BAAAFW010000082.1
1261 4710
Tatumella_punctata_NZ_BAAAFW010000083.1
1 3145
3853 4728
Tatumella_punctata_NZ_BAAAFW010000084.1
1 1921
2347 4751
Tatumella_punctata_NZ_BAAAFW010000085.1
1 315
962 5331
6069 6479
Tatumella_punctata_NZ_BAAAFW010000086.1
1 3734
4256 16009
Tatumella_punctata_NZ_BAAAFW010000087.1
1 11410
12204 15211
15782 17543
Tatumella_punctata_NZ_BAAAFW010000088.1
1 6045
6647 10451
11142 11405
12206 17758
18315 19483
Tatumella_punctata_NZ_BAAAFW010000089.1
1 356
751 2969
3317 7050
7762 12564
14085 14655
15332 19211
19686 20757
22613 23082
23683 25587
Tatumella_punctata_NZ_BAAAFW010000090.1
1 3552
4865 9538
10181 18569
19170 21362
22743 24753
25340 25432
26005 26070
26808 27413
Tatumella_punctata_NZ_BAAAFW010000091.1
1 816
1272 3227
3968 4207
4898 6371
6948 8056
8905 13892
14440 16567
17316 18515
19072 19816
20716 21862
22483 24547
25565 29303
30167 35495
36031 36639
37154 37586
38466 41322
42191 49256
49844 53212
53891 56723
57460 59772
60727 65843
Tatumella_punctata_NZ_BAAAFW010000092.1
1 348
1126 5159
5749 7672
8332 10777
11318 18918
20038 20747
21239 24132
25009 27135
27820 29511
30233 32777
33685 35697
36417 37627
38167 45010
46419 47418
47995 49182
50457 52372
53296 53703
54591 54831
55657 63525
64397 67030
67760 75507
76440 77321
77822 83050
83833 85489
86174 86392
87111 88382
Tatumella_punctata_NZ_BAAAFW010000093.1
1 5163
5740 13178
13710 16146
17078 17708
18718 22589
23120 23179
23870 26165
27079 31434
32041 32689
33403 34830
35437 36315
36886 38903
39460 42186
42890 46321
47128 54845
55892 60023
60305 72414
72955 84920
85471 90181
90713 92006
92927 93631
94329 95223
96548 101369
101924 105822
106649 109969
110603 112795
Tatumella_punctata_NZ_BAAAFW010000094.1
1 5173
5864 8459
9070 10469
11384 11826
12527 13009
13521 17126
17470 23213
23883 35745
36269 42386
43430 49156
49752 49911
49997 54341
55493 58222
58783 59300
59856 68632
69647 80257
81081 81463
82038 82274
83355 87439
88212 94103
94686 97486
98191 101485
102020 105218
105935 106548
107061 110857
111760 113780
114085 117542
118247 118746
119492 122815
123613 126756
127305 128442
129209 129564
130126 133701
134209 135237
Tatumella_punctata_NZ_BAAAFW010000095.1
1 6391
7060 10376
11346 16174
16712 25423
26317 29893
30450 36964
37513 43771
44334 48460
49035 50525
51279 58699
59214 67117
67619 68311
68915 71921
72832 73880
74405 76814
77508 81962
83334 88264
88893 92161
92995 95230
96446 96723
97367 99949
100461 104371
105097 110658
111192 113475
114153 114764
116385 118007
118667 122497
123603 129247
129813 130660
131406 131919
133097 145480
146054 156301
156971 157101
157724 161836
162545 166524
167095 173770
174501 176509
177340 211896
