Pectobacterium_atrosepticum_CFBP_6276_NZ_CM001850.1
1 4914
Pectobacterium_atrosepticum_CFBP_6276_NZ_CM001851.1
1 1142
1990 2687
Pectobacterium_atrosepticum_CFBP_6276_NZ_KB933470.1
862 2423
2971 3037
3628 10789
11232 22909
23398 25389
26244 35669
36720 37605
38777 39260
40815 44548
45328 47353
47911 50481
50976 55316
55656 58678
59055 63517
63999 64092
64591 65211
66368 67599
67681 70946
71400 74408
75719 77638
78157 78686
79199 81201
82189 86870
87533 89912
90748 97710
98337 106345
106530 106603
107010 112027
112631 116513
117101 127694
128215 128265
128889 129225
129937 163127
163899 165436
165835 174945
175533 189807
191436 194937
196237 196300
198045 216791
217627 220293
220497 242218
242628 245048
245584 255827
256503 279449
279706 281276
281929 293849
294584 300462
301095 302395
303959 304288
304882 327807
328640 329043
329633 329841
330670 332740
333521 334305
335162 337579
338542 341929
342386 342525
343303 344035
345282 345960
346353 349199
350010 354462
354808 356273
356690 356804
357635 358304
358938 367985
368475 386279
386744 392474
393580 395771
396682 399582
400395 400588
400866 401683
402361 407511
407940 410226
410773 415501
416934 419958
421734 422351
423255 429863
430594 445195
445699 446425
447222 455251
456406 456473
457593 461498
462312 475001
476112 476556
477517 478397
479298 479349
479784 484762
485827 485960
486391 492690
493275 505980
506594 513789
514745 520901
521669 523541
523925 524764
525750 528602
529331 546861
547167 547353
548234 559255
559867 566810
566832 570368
571347 572119
573209 575358
575868 576843
577437 578261
579590 585518
586212 597852
598451 605020
605877 612596
613766 615261
616004 616546
618538 620419
620548 621045
621795 622494
623093 633780
634306 638163
638824 642774
643109 644595
645001 648250
649065 652484
653336 653550
654614 657660
660138 666985
667539 670212
670315 673381
674007 675585
676354 681039
682028 689397
689825 692807
693250 693477
694191 694452
695660 699997
700620 703533
704045 713020
713737 713962
715710 717186
717767 718247
719150 719319
719597 720787
721536 723321
723882 730423
731292 731800
732494 733970
734356 735012
735646 737185
737744 738969
739941 740478
741042 741998
742481 742617
743362 743650
744417 753298
754023 755512
756070 760266
760768 762816
763438 767359
768897 772603
772875 774044
774935 776574
777209 779794
780228 782518
782953 784195
784743 784836
785511 790825
791414 792257
792802 793585
794367 801610
803466 803844
804427 808739
810702 820952
821489 821970
823512 842694
843123 843291
843788 847671
847946 848498
849359 850239
850676 858821
859179 863207
864062 865308
865614 867577
868915 869504
870081 870453
871246 876641
877164 877286
877822 882389
883822 885590
886236 921771
922064 926421
926614 933376
933542 938708
939181 986944
987200 989661
990270 998652
999028 1012560
1013241 1014003
1014120 1014282
1014817 1015196
1015609 1031146
1032332 1041845
1042092 1049933
1050325 1054084
1054858 1059009
1059551 1060496
1060923 1063101
1064613 1073805
1074337 1085412
1086110 1086270
Pectobacterium_atrosepticum_CFBP_6276_NZ_KB933471.1
1 2653
3212 5160
5829 6333
7096 10259
10910 12269
13088 17673
17969 21200
22403 25433
26517 26780
27968 29946
30869 31921
32144 33768
34282 35478
36275 36467
37631 37688
38367 42947
43600 43697
44328 45300
45725 48863
49735 50169
50628 52524
54009 55096
56072 56196
57063 58634
59955 60155
61479 62911
63627 65380
66248 68218
69075 69360
70246 70540
71149 71908
72750 73659
74748 74999
76115 77116
77950 81828
82788 83861
84473 85189
85881 86049
86625 86808
87501 88892
89439 89865
90489 96391
97138 98084
98689 99183
99976 101626
102356 102420
103395 104446
104997 112120
112648 112793
113443 114064
115688 115793
116369 119245
120415 120544
121200 125458
125787 126930
127545 129699
129930 132022
132707 132866
134325 136363
136606 142503
143012 143270
143859 144249
144567 144937
146049 149709
150110 164447
165138 169379
170834 172006
172313 173705
174644 178130
179765 180723
182442 183997
184711 186625
187281 192734
193742 194618
195406 196257
196517 200691
201472 206262
207139 209260
210538 211352
212507 213034
214463 217163
217719 217981
218482 220153
220674 227278
228104 232709
233001 234749
234987 242534
242992 243116
243498 246876
247423 250445
251710 268783
269784 270100
270867 270957
272192 273465
274191 278392
279052 281430
281965 285681
285899 298178
298404 298543
299107 300726
301291 305127
305628 307160
308345 314826
315640 319370
320699 321224
321995 324567
325059 326917
327549 328136
328268 329278
330009 330318
330804 333000
333540 335123
336308 336394
337149 337605
337930 338480
339239 340039
341141 349100
349811 356812
357417 360510
360846 363916
364952 368257
368772 369004
370651 374932
376279 378606
379700 379825
380785 381578
382381 382651
383790 385346
386295 388132
389296 393378
393938 394849
396143 396209
396843 397707
397991 398921
399852 402853
405989 406104
406933 407348
407475 410750
411936 412033
413106 416009
418537 418649
419405 421065
421291 422684
422857 423303
423404 425385
425509 427401
428228 429102
429870 430676
431674 435719
436244 439313
441645 442303
443196 444923
446604 446876
448603 453199
453363 453530
454290 458280
458866 460380
460760 461108
462819 463849
465684 467184
467855 472539
473211 473820
474008 484983
485860 489007
489764 491931
492827 493915
494663 494808
495437 495887
496881 497655
498956 518054
518595 519231
521144 522256
523244 524598
526389 526440
526956 528306
528846 529512
530357 538459
540510 541047
542765 544436
545130 550506
551588 551847
552544 554264
555411 556265
556801 557161
557709 559268
559899 560692
561660 564704
565051 570949
571631 576527
578262 578322
579257 579369
581779 589427
589793 590478
591383 598326
599031 603544
604220 612275
613431 614713
615762 618209
619008 620251
620677 621618
622297 626920
627846 634748
635285 636349
637026 637397
638852 642242
643516 643742
644400 645458
646240 648649
650370 660094
661042 661281
662075 667047
668500 671042
671357 679322
681054 681914
682246 682306
682957 688861
689218 693322
693957 720622
721525 723686
724665 727402
728345 729736
730047 730763
733722 739201
739733 740580
741188 742774
743541 753100
753306 756239
758415 760783
761183 761246
761501 764845
765430 769580
771272 775699
776484 778328
779052 783198
783759 784007
785299 785426
786418 799194
800997 802046
802600 803176
803837 806165
807117 809043
810049 811544
812082 812834
813938 814281
815081 815192
815718 818380
818473 818586
818666 820428
821819 823645
825668 830279
830936 831059
831874 832719
833662 835260
837026 838026
838567 838974
839215 843612
843925 844705
845923 847965
848625 851154
852373 853257
853771 853882
854312 854520
855412 858156
860935 866971
867484 867580
867763 870161
871744 875205
876276 878252
878865 887968
889163 889759
890324 893102
894273 897977
898199 902010
902688 903594
904757 908489
908953 913223
913584 914388
915086 916757
917187 919044
919692 921558
922245 922455
922906 931838
932411 932588
933139 934138
934275 934353
935060 936246
937086 942883
943216 944829
945309 948244
950461 950748
951845 953030
953531 953873
954586 957203
957328 962421
962624 964263
965244 968164
969604 971882
972588 972905
974987 977785
978480 978828
979029 979469
979860 982647
982924 983519
984273 986074
986504 987011
988440 993316
994727 1001127
1002151 1003477
1004654 1006785
1007413 1008685
1010148 1012305
1013373 1014654
1015917 1017942
1019785 1019843
1021938 1022146
1023044 1023984
1024546 1024926
1026041 1031236
1031929 1039388
1039920 1040846
1042641 1045405
1045938 1051998
1052694 1057396
1057678 1059359
1061219 1061624
1062022 1064611
1065269 1068462
1068968 1069032
1070383 1070764
1071862 1072915
1073579 1074481
1075437 1083677
1084638 1094296
1094558 1097470
1097997 1099324
1099766 1100209
1101414 1104245
1105888 1108443
1109185 1110119
1110534 1110846
1113192 1117293
1118035 1119912
1120879 1122233
1123420 1128951
1131130 1132633
1133848 1135425
1136195 1136731
1137413 1137662
1138320 1138841
1139565 1139674
1139819 1141940
1142466 1148981
1149666 1149989
1150655 1151835
1152410 1153078
1154069 1154774
1155352 1161424
1161965 1162600
1163387 1171007
1172008 1172719
1173157 1174961
1176181 1179576
1180093 1180159
1180743 1185432
1186172 1190675
1191074 1191156
1192030 1194796
1195353 1196579
1197102 1199165
1199896 1199971
1200455 1205561
1206239 1210927
1212282 1222666
1223201 1224353
1225384 1227376
1228311 1228845
1230190 1230350
1231211 1235815
1237008 1237565
1239555 1239920
1240760 1241152
1241649 1242306
1243025 1244156
1245446 1246933
1247457 1247794
1249909 1252340
1252868 1254169
1255420 1262979
1263356 1268448
1268907 1269315
1270261 1270672
1272664 1273203
1274532 1275584
1276102 1276385
1276700 1277767
1278800 1283878
1284702 1287518
1288256 1290602
1291011 1292177
1292729 1304859
1305485 1311127
1312286 1323814
1325060 1334084
1334684 1345899
1346912 1351660
1352089 1352246
1352773 1353536
1354043 1367676
1368537 1373816
1374065 1375110
1375944 1376796
1378342 1378818
1379236 1383678
1384257 1384644
1385161 1402803
1403654 1403907
1404869 1407868
1409115 1409552
1410448 1411738
1413730 1414600
1415008 1415684
1416648 1422051
1422693 1422822
1423490 1426940
1427816 1427930
1428126 1437342
1438318 1442522
1443196 1452191
1453377 1453501
1453756 1457516
1457979 1458635
1459139 1459370
1460087 1460242
1461022 1461919
1462261 1463035
1464028 1465591
1466592 1467710
1468467 1470490
1473020 1474020
1475153 1477045
1477609 1478084
1478923 1480271
1480827 1483542
1484039 1484228
1485178 1496738
1496833 1497796
1498874 1499784
1500389 1504326
1505673 1507909
1508405 1508620
1511358 1514975
1515924 1515987
1516613 1517916
1518082 1522583
1522594 1523201
1523785 1526183
1526997 1530829
1531387 1531693
1532052 1534246
1534574 1542892
1543186 1545870
1546379 1555236
1555455 1555888
1556346 1561368
1562082 1562298
1562383 1569801
1570290 1571381
1572199 1572566
1576247 1581337
1582111 1584030
1585500 1588015
1588262 1608431
1609149 1610778
1611499 1614590
1616052 1622223
1623071 1623453
1624927 1630603
1631188 1633367
1633607 1637685
1638023 1651956
1652518 1659794
1660858 1662059
1662667 1663337
1664084 1664204
1664855 1665906
1667576 1667708
1668059 1671445
1672640 1676411
1677078 1677441
1678093 1680422
1681367 1684805
1685452 1690922
1691045 1695529
1696559 1701273
1702097 1702402
1703061 1703376
1704017 1707565
1708448 1708541
1709421 1709612
1709739 1710784
1711541 1713208
1713843 1714221
1715723 1716511
1716842 1723793
1724159 1727939
1729695 1730668
1732082 1735812
1736412 1737597
1738492 1748555
1749772 1755844
1756826 1757012
1757795 1761285
1762567 1762690
1763826 1765727
1766876 1766996
1769109 1770670
1772016 1782078
1782163 1784936
1785158 1785350
1785721 1792105
1793796 1794628
1795165 1806266
1806829 1813088
1813445 1816338
1816803 1817811
1819258 1821805
1822886 1827127
1827917 1831543
1832059 1833246
1833750 1834344
1834754 1837471
1838002 1839132
1840505 1841004
1841529 1842163
1842636 1850433
1850938 1851669
1852660 1861295
1861901 1877870
1878569 1879958
1881043 1882548
1882972 1883149
1883953 1884280
1884517 1886213
1887263 1887497
1889155 1891667
1892614 1894509
1895136 1897905
1898601 1908222
1909438 1911416
1911903 1915128
1915559 1915645
1915724 1917745
1918232 1919967
1920896 1921295
1921644 1921914
1922057 1928201
1929058 1929480
1930523 1931057
1931883 1933062
1933735 1940811
1941311 1941428
1941830 1947626
1948437 1959141
1960047 1970256
1972452 1974437
1975157 1979660
1980138 1981736
1982051 1982660
1983161 2009032
2010856 2013042
2013562 2032034
2032580 2039319
2040857 2041738
2042382 2043672
2043934 2045476
2046271 2048349
2049937 2053751
2057018 2057993
2058700 2059861
2060190 2064267
2064863 2065592
2066144 2066549
2067303 2069845
2070872 2071971
2072480 2072875
2073909 2075099
2076515 2077050
2079122 2079209
2079603 2083531
2084015 2084149
2084560 2097043
2097660 2099904
2100419 2100942
2101369 2107847
2108436 2112088
2112660 2112944
2113462 2120884
2121364 2128883
2129067 2141042
2141341 2146296
2147176 2154310
2154566 2156050
2156228 2156781
2157494 2158799
2159505 2159772
2160749 2161751
2162425 2206698
2206781 2207613
2207763 2208934
2209779 2211731
2212628 2213555
2214883 2215995
2216611 2217736
2218475 2218630
2219333 2223609
2224025 2227896
2228348 2230448
2231681 2233737
2234629 2242398
2243072 2243839
2244765 2246622
2247907 2250223
2250794 2265809
2266254 2267441
2268128 2276852
2277788 2279005
2279561 2299463
2299585 2299846
2300478 2302756
2303254 2314330
2316830 2318072
2318652 2319696
2321043 2321319
2322259 2323801
2324282 2328131
2329190 2338698
2339125 2342996
2343452 2345294
2345879 2348372
2348907 2370283
2370928 2372092
2372904 2374340
2375636 2376400
2376942 2379291
2380157 2381123
2381769 2385468
2386113 2390089
2390974 2391129
2392016 2392992
2394042 2394536
2395696 2396420
2398202 2404073
2405730 2407734
2408295 2409580
2410195 2421040
2421550 2422738
2422877 2423053
2423227 2424912
2425653 2426994
2428046 2429550
2430210 2437664
2438001 2441216
2442218 2453874
2454592 2458459
2458937 2463096
2464563 2470782
2471380 2481933
2482517 2495105
2495753 2496870
2497413 2498040
2498634 2505298
2505901 2506022
2506501 2507899
2508665 2510544
2511160 2517890
2518484 2521027
2521791 2522025
2523061 2528795
2529421 2531078
2532566 2534640
2535373 2537039
2538627 2540327
2540855 2542803
2543080 2556200
2556904 2563227
2563719 2565098
2565810 2566265
2567960 2568379
2568853 2569595
2570086 2571292
2571843 2572473
2572998 2574001
2576108 2576515
2577449 2578694
2579702 2580852
2582367 2582887
2583352 2583461
2583976 2584657
2585852 2586454
2586661 2587090
2588340 2588685
2589863 2591293
2592361 2593354
2594075 2605543
2606165 2606572
2607369 2613066
2613347 2615028
2615702 2618585
2618875 2619198
2619738 2622003
2623052 2623399
2624719 2625948
2626811 2626876
2627465 2629798
2630674 2631397
2631754 2634310
2635391 2637453
2638274 2640176
2641102 2642417
2643216 2647384
2649209 2649721
2650992 2653929
2654913 2658608
2659211 2664170
2665079 2668847
2669784 2677896
2678483 2683231
2683882 2687200
2687978 2691168
2691483 2699616
2700162 2701963
2702471 2736177
2737194 2739018
2739522 2742104
2742716 2742900
2743529 2748054
2748521 2757102
2757569 2761983
2763156 2763479
2764286 2764802
2766390 2767571
2768351 2768879
2769540 2770330
2771322 2774105
2774651 2777632
2778364 2780020
2780761 2794816
2795122 2795266
2796160 2798547
2799778 2801091
2802113 2802428
2803347 2803399
2803672 2804498
2806092 2807367
2808654 2808978
2809805 2810935
2811111 2811777
2813226 2814150
2815354 2820945
2822000 2822537
2823371 2823422
2824003 2824825
2827014 2827769
2829653 2835216
2835943 2836568
2837932 2841650
2842712 2843428
2844304 2850547
2850861 2859270
2859746 2861574
2862153 2863807
2864904 2866131
2867637 2874628
2874853 2878734
2879266 2879586
2880626 2897911
2898394 2899364
2899820 2902718
2903144 2911414
2912780 2922469
2923102 2932006
2932198 2949699
2950158 2956457
2957144 2957238
2957812 2960989
2961650 2962440
2963152 2963296
2964614 2965412
2966585 2966656
2967275 2968567
2969738 2970283
2970863 2971212
2971503 2977554
2978148 2979310
2979719 2981987
2982454 2982858
2983419 2985241
2985810 2986829
2987932 2989703
2990183 2990873
2991443 2992407
2993184 3005431
3005734 3009617
3010166 3022821
3023589 3027783
3028388 3029390
3030078 3035334
3036096 3042918
3043950 3046717
3048232 3052538
3053370 3054129
3054347 3076993
3077453 3077540
3077960 3080754
3081353 3081500
3082710 3089339
3089786 3091191
3091729 3092458
3093603 3095565
3097050 3099615
3100203 3100591
3102422 3104861
3105341 3106086
3107002 3107125
3107246 3110455
3111053 3120633
3120755 3122094
3123392 3125515
3125791 3130834
3132804 3133258
3135725 3138056
3138181 3143431
3144740 3154288
3154538 3155540
3155736 3158513
3159311 3162206
3162349 3162476
3163175 3163833
3164370 3178308
3180484 3185086
3186416 3187619
3189045 3197691
3199036 3201755
3202478 3229283
3229621 3230966
3231489 3231739
3232460 3237399
3238055 3238299
3240916 3248576
3249161 3250526
3251856 3252006
3253578 3253814
3254372 3263574
3264129 3265245
3265373 3278934
3280172 3283554
3284148 3284566
3285911 3288130
3288736 3288970
3289553 3289757
3291228 3291394
3292146 3293106
3293823 3302186
3302696 3302941
3305627 3309773
3310829 3315360
3315620 3324962
3325228 3325446
3326070 3326460
3326717 3335965
3336668 3336876
3337468 3340017
3340485 3341973
3342665 3342913
3343443 3348062
3348913 3358465
3359195 3360477
3361145 3361900
3362928 3366679
3367410 3370137
3370842 3371205
3372987 3374779
3375755 3376150
3377505 3377695
3378727 3388988
3389831 3392366
3392933 3395726
3396675 3399577
3400601 3402276
3402841 3404228
3404806 3408456
3409054 3413790
3414288 3414790
3415210 3417837
3418292 3419212
3419833 3421264
3422187 3425616
3426963 3428256
3429244 3429462
3429809 3430742
3431606 3431805
3432290 3432905
3433563 3433643
3435115 3435556
3436604 3436809
3437744 3437933
3438688 3440231
3441334 3450672
3451314 3453427
3453985 3554713
3554946 3585854
3586642 3592863
3593961 3598039
3598541 3601241
3602274 3606283
3607030 3607281
3607788 3608401
3610278 3611559
3612450 3612955
3613573 3620116
3621102 3624419
3624560 3627094
3627793 3633255
3634043 3645866
3646641 3646866
3647475 3648335
3648519 3669312
3669550 3671019
3671547 3672748
3673136 3674609
3675148 3677502
3678216 3681201
3681702 3685350
3685361 3685928
3687259 3687988
3688882 3698674
3698888 3704891
3705840 3708334
3710572 3718486
3720025 3744652
3745388 3747430
3748480 3749482
3750123 3751959
3753665 3754062
3755160 3757692
3758419 3759346
3759666 3774599
