Lactococcus_lactis_subsp._lactis_CV56_NC_017483.1
1 1741
1885 16252
17053 24271
24733 44098
Lactococcus_lactis_subsp._lactis_CV56_NC_017484.1
1 4065
5034 7468
8060 20847
21660 31442
Lactococcus_lactis_subsp._lactis_CV56_NC_017485.1
1 2818
2958 5543
Lactococcus_lactis_subsp._lactis_CV56_NC_017486.1
1 195
1425 3499
4583 9145
9882 14356
16247 16312
17270 18749
19989 20195
21088 21177
21711 24913
26039 27698
28390 31778
32953 34063
34637 42192
42369 46440
46704 51891
54171 54905
55494 55978
56154 59618
60278 64852
66174 67091
67775 69003
70059 72732
73714 77494
78688 81781
82312 84222
84885 86508
87441 88450
89918 91252
92005 92654
93300 96248
97083 97415
98046 98595
99203 101584
102730 103793
104439 105910
106399 107256
107913 108205
109455 113097
114405 116756
117275 117944
118703 118932
119560 121891
123219 123470
124124 126849
127905 128995
129834 131054
131707 134474
135019 135521
136262 137578
139607 140360
140915 142204
142656 143384
143928 144127
144379 145315
146407 146662
146831 147682
148556 148818
149162 151518
152239 154958
155639 158496
159100 159931
160638 165113
166793 166903
168059 168423
169864 180709
181362 182230
182629 184747
185566 185670
186258 207720
208546 209262
209936 212304
212873 213299
213935 217387
218015 218661
219459 220484
221170 230763
231573 231902
232517 233160
234389 235383
236253 236733
239676 244128
244745 247265
247851 249389
250639 252376
253057 255428
256252 257909
259392 268457
269223 269778
270414 270835
271812 274724
275961 276465
277157 277983
278547 282194
282970 283245
283777 285097
285711 286425
287267 288343
288899 289178
290082 293690
294264 297024
298124 300696
301893 302094
303255 303909
304580 305150
305693 306835
307523 308312
309016 312560
313067 313686
314442 314560
315246 317964
319215 321749
322374 322935
323798 324161
326081 328566
329098 332146
332852 334659
335755 339200
339805 342019
342539 342637
343177 346711
347311 350090
350726 358187
359099 360787
361394 365385
366195 366568
367250 369077
369865 371983
373480 373938
374616 374719
375703 378816
379320 382573
383294 391983
392555 394156
395686 397578
398225 402225
402964 406454
406986 410132
411265 417566
418582 418870
419640 424884
425595 425646
426293 428144
429174 429485
431131 432510
433337 434005
435493 437497
437992 439690
440509 440938
441510 441643
442520 446042
446543 448941
449460 450324
451196 456356
457044 457441
459110 460899
461400 463506
464461 465559
466702 474439
475636 476735
477383 477503
478412 481070
482024 482763
483663 485063
485568 492436
492953 498589
499257 501725
502229 506579
507261 509424
509967 527270
527964 530691
531175 532038
532995 540744
541465 543508
544382 548011
548506 550470
551029 552161
554325 555785
556533 556961
557705 562366
562869 563188
563738 564451
565098 565186
565993 566576
567014 572114
572648 574961
575314 577391
578310 580290
580855 583419
583920 584658
586043 594699
595398 595865
596531 597248
597907 598292
598877 600062
600723 601412
602654 602937
603605 603902
604089 606985
607791 620227
621390 622369
622989 675384
676522 677551
678202 682642
683796 684440
685723 692367
693244 693820
695009 696513
697332 698874
699659 700281
700881 702664
703187 707590
707678 710911
711081 718834
719104 721763
722528 725457
726369 730168
730696 732085
732822 734247
734780 742451
744048 745539
746423 757361
758087 764140
765259 774724
775552 777769
778401 783145
783918 784679
785624 786530
787041 791572
792622 794058
794730 796279
797008 798503
799262 802213
802948 807124
807450 809827
809990 813838
814512 824711
825011 830368
831167 834622
835287 837431
837932 840707
841274 847156
848500 850812
851445 852059
852554 856451
856952 864558
865413 868903
869478 871019
871877 876496
877054 883173
883917 888936
889616 893397
894110 897301
897920 903003
903603 909729
910276 913698
914388 917478
917958 939198
939769 940118
940738 941791
942278 943943
944609 950775
951385 964474
965032 978067
978876 986564
987336 991970
992879 997084
997543 1010741
1011485 1012640
1013942 1015191
1015986 1034105
1034189 1057183
1057775 1068140
1068678 1078886
1079594 1103075
1104105 1104606
1105179 1115902
1116575 1134902
1135659 1136025
1137407 1149114
1149705 1174085
1175198 1208511
1209042 1211418
1211927 1231321
1231895 1237231
1237787 1247468
1248398 1254282
1254817 1255645
1256169 1256326
1256885 1262466
1263269 1263405
1263965 1276954
1277914 1282048
1282463 1288638
1289166 1293709
1294271 1312775
1313389 1316592
1317270 1319938
1321167 1332523
1333650 1339972
1340493 1342061
1342595 1348352
1348866 1349814
1350535 1359761
1360294 1366029
1366604 1366768
1367227 1371231
1371752 1385483
1386078 1390145
1391015 1394515
1395058 1405293
1405812 1414594
1415699 1417719
1418409 1420293
1420768 1421830
1422767 1425977
1426522 1432954
1434333 1440689
1441437 1447095
1447668 1448234
1448905 1449077
1449594 1452222
1452915 1462854
1463939 1464050
1464721 1465378
1466340 1466792
1467448 1467538
1468147 1476883
1477969 1480644
1481230 1484763
1485432 1486670
1487396 1489021
1490092 1499983
1500701 1506112
1506722 1520394
1521138 1524940
1525626 1526109
1526748 1531442
1532164 1533176
1533756 1541016
1541577 1546574
1547162 1547824
1548897 1557479
1558721 1561441
1562138 1567251
1567765 1572792
1573425 1578330
1579074 1580301
1581047 1596259
1597078 1599755
1602067 1602539
1603193 1603807
1604595 1606148
1606777 1607185
1607733 1609359
1610932 1613893
1614395 1619441
1620027 1621557
1622766 1623124
1623637 1623919
1624997 1627770
1628409 1631235
1631803 1632674
1634091 1643403
1643880 1646971
1647969 1653214
1654869 1657661
1658899 1662761
1663454 1665589
1666101 1672485
1672977 1673681
1674238 1677502
1678025 1686135
1687012 1689167
1689672 1690525
1691235 1696462
1697382 1713749
1714316 1725578
1725674 1730303
1730836 1747728
1748300 1753786
1754486 1755817
1756550 1756693
1757230 1758836
1759095 1760173
1760580 1765333
1765931 1768740
1769759 1770958
1771871 1777791
1778570 1779855
1780754 1782118
1782657 1783899
1784440 1785454
1786008 1788077
1788634 1791810
1792462 1795486
1796168 1802258
1803067 1806032
1806652 1807576
1808243 1810908
1811452 1811699
1812537 1814005
1814771 1815373
1816437 1817792
1818518 1819194
1819787 1820596
1821406 1821615
1822333 1823619
1824475 1825901
1826397 1828918
1830096 1834553
1835061 1835191
1836051 1836363
1837280 1837384
1838172 1839187
1839690 1843347
1845241 1846750
1847335 1851232
1851922 1853747
1854364 1855822
1856749 1857440
1858176 1860099
1860662 1861513
1862164 1862268
1863302 1865518
1866082 1866261
1866892 1868226
1868738 1870239
1870933 1873663
1874373 1876761
1877788 1878608
1879113 1880554
1881340 1882460
1883001 1884259
1885340 1885608
1886130 1887209
1888108 1888417
1890000 1891692
1893250 1893603
1894145 1898884
1899464 1921043
1921121 1927165
1927403 1928206
1928521 1937946
1938466 1938671
1939368 1947227
1947974 1948946
1949492 1951909
1952598 1952860
1953397 1953898
1954418 1963931
1965118 1967319
1968842 1972187
1972748 1977220
1978711 1979095
1980189 1981820
1982577 1982950
1983533 1988621
1989138 1989935
1991466 1992067
1993980 1994312
1994883 1996640
1997284 1998441
1999448 2000970
2001945 2003812
2004918 2009554
2010248 2012269
2013174 2014716
2015332 2018773
2019336 2025382
2026710 2028727
2029233 2033782
2034499 2035413
2035992 2036268
2036764 2037004
2037698 2038922
2039917 2040030
2040854 2041808
2042509 2043946
2044529 2046114
2046454 2046618
2047575 2047714
2048478 2048686
2049209 2052223
2052943 2054069
2054571 2058372
2058884 2063342
2064592 2067938
2068558 2070897
2072177 2073348
2074881 2075355
2076061 2078321
2078877 2079717
2080901 2081001
2082337 2082486
2083151 2083494
2084336 2090473
2091600 2092974
2093676 2094297
2095807 2097915
2098703 2104806
2105401 2107487
2108003 2109082
2109327 2111573
2112129 2112368
2112957 2113835
2115519 2116221
2117077 2120694
2121243 2122045
2122666 2123037
2125180 2126333
2127583 2128057
2129320 2129495
2130254 2133732
2134327 2134604
2135468 2135681
2136264 2136973
2138177 2139745
2140423 2142719
2144087 2183581
2184341 2185168
2186379 2187445
2188256 2188593
2190431 2192881
2193207 2193394
2194589 2199529
2200055 2200228
2201024 2202139
2203227 2204833
2205520 2205575
2206154 2209100
2209192 2214957
2215927 2216578
2217416 2217863
2218381 2222092
2222232 2226299
2226878 2227165
2227905 2228491
2229107 2230740
2232091 2233738
2234700 2235502
2236501 2238355
2238862 2241811
2242345 2242532
2243051 2249178
2249696 2253425
2253986 2255284
2256372 2256959
2258388 2259501
2260426 2261370
2262076 2267489
2268091 2269113
2269567 2271018
2271591 2281411
2281991 2286563
2288614 2289132
2289713 2290871
2291577 2293137
2293665 2294230
2296055 2296205
2296773 2297415
2298056 2298173
2299131 2302116
2303520 2303611
2304426 2305077
2305628 2308417
2309068 2310761
2311269 2312807
2313831 2351437
2352060 2352641
2353211 2353623
2355489 2356975
2358293 2359100
2359910 2365199
2365866 2366258
2367303 2368561
2369104 2369781
2371228 2371793
2372565 2375262
2375521 2375965
2380673 2383499
2384244 2385032
2386164 2386924
2387891 2388652
2389445 2392210
2393759 2399458
Lactococcus_lactis_subsp._lactis_CV56_NC_017487.1
158 8000
9133 13257
13480 13968
14068 16495
16989 18203
18342 18773
19015 31370
32057 35934
Lactococcus_lactis_subsp._lactis_CV56_NC_017488.1
1 2262
