Kosakonia_cowanii_NZ_CP160412.1
1461 1889
2734 3095
5177 5592
6170 7435
7774 8937
9687 10502
11140 12752
13307 13957
14501 15276
15795 16580
17112 17721
18426 19514
21375 24224
25685 26001
26604 26660
27740 31376
32383 32478
33055 36189
36883 38370
40452 41435
43702 45159
46256 46673
47310 47415
47483 47726
48264 48324
49373 49801
50680 51621
52292 53266
53928 55476
56147 56811
57378 57965
58512 60474
60648 61400
62012 62226
63627 64968
65832 67546
68840 69960
70627 71217
72529 73159
74632 83711
84060 87213
89520 90776
91331 91464
92234 93984
94444 99200
100117 100252
100798 101397
102820 102930
104132 104582
105578 106301
106749 107584
108268 110049
110755 110832
111374 112630
113020 113291
113796 114976
115911 116040
116763 118216
119934 120770
121106 122932
124479 128089
128788 129344
131257 132598
133127 135424
136812 138032
138811 139088
139646 140036
141252 142323
142924 143497
144121 144559
145039 149928
150452 151492
152785 153545
153992 154197
154960 155365
155568 159347
159857 159935
161941 165239
165803 167041
167688 169735
170861 171169
172110 176445
176771 178387
178950 180428
181399 182725
183480 184012
185172 185884
186583 191790
193207 193443
194236 195826
197310 199916
200490 200981
201636 203071
203690 204394
204949 205119
205792 207133
209819 210759
212185 212847
213465 217489
218065 221923
223505 224582
224914 226211
227060 228620
229412 234545
235959 236434
237148 239302
240194 240896
241541 243296
244961 246463
247244 249081
249588 249714
250253 250647
251018 251259
251740 252889
253535 259870
260541 263555
264113 265088
265598 266196
266991 267420
268098 270592
271174 271688
272675 273477
274082 274281
274788 276096
276963 277795
278855 282853
283597 283962
284640 284765
285462 287279
287814 289428
289985 291576
292479 293490
294227 294516
295866 296341
296569 296727
297235 297813
298508 298634
299842 299934
300564 300867
301323 302601
302946 304147
304632 305929
306537 308024
308816 310734
311846 313665
316552 317083
319659 321238
321759 322191
322813 322903
323411 323602
324852 324953
326952 328365
329196 331513
331867 332480
332992 333889
334759 335571
336024 336146
337175 338691
341776 343352
344899 345574
346016 346506
347749 348163
348684 349332
350317 351119
351974 354017
354690 355794
357269 358295
359106 359299
360072 365160
368001 368483
369719 370994
372375 373321
374017 374370
375534 375960
376572 378977
379201 380641
381154 382955
383743 384068
384521 384899
385426 387535
388205 388506
389864 391105
395942 396330
397209 397559
398494 398584
400574 400996
402013 403090
403917 404491
405579 405959
406592 406769
408725 408897
409674 411828
412765 413702
414277 414419
414998 416398
416683 417666
422331 422762
422925 424804
424905 425349
425777 429345
430185 430397
430920 431002
431528 432001
432504 433274
434076 434900
435607 435815
440118 440584
441445 441526
442216 442507
444365 444527
445160 447327
447734 449385
450405 450475
451395 451466
452260 452354
454396 454773
455324 456012
456616 456927
458044 459844
460304 461429
462566 463080
463675 466473
468374 468913
469976 470218
470969 473174
474534 474912
475685 476059
476268 478890
479595 479657
480602 482153
484711 485206
485880 486861
487485 488737
489217 490424
491741 491920
493808 494673
495365 498297
499437 501036
502063 502783
503544 504058
505188 509339
509653 509817
512759 512994
514340 514711
515040 515836
516464 516594
517818 519441
519988 520928
521605 522783
523475 523709
524164 524255
526009 527175
528893 529567
530378 532707
533264 533729
535136 536882
537706 538701
538888 539046
539971 540106
541558 541663
543308 544639
546905 549315
549815 550752
551392 552727
553731 553927
555197 558431
559438 564515
565384 566160
567772 568315
569244 571555
572090 572410
573290 578062
578669 578940
579469 579691
580799 581034
581983 583225
583875 584483
585000 587039
587987 592296
592893 594757
595356 595477
595480 596667
598581 599098
601375 601668
602247 603405
604399 605259
606965 607964
608441 608672
609746 609815
610534 610873
611584 611663
614592 615431
617167 618545
619516 619997
620816 621385
621983 622880
623814 624740
625419 625689
626540 628036
628559 629126
629559 630184
631755 632178
632785 633040
633801 633969
634793 636715
638609 638981
639709 641958
642648 643170
643969 644148
645104 645655
646310 647293
648052 648800
649680 650128
651006 651749
652440 652512
653111 654065
655111 656095
656547 656636
657466 658176
658756 659033
659778 662033
662548 662751
663389 668237
669301 670517
671129 674856
675533 677140
677832 678611
679130 679562
680064 684788
685372 691953
692755 697858
698815 700985
701698 702209
702712 702821
703323 707396
708399 715322
715861 718029
719166 720289
720507 721344
722852 723263
724615 725301
726103 726473
726721 731337
733154 733941
734512 735702
736406 736589
736922 738529
739391 742144
742299 744837
745716 750896
752596 753730
754287 755192
755555 759081
760374 760433
760986 761123
761625 761682
762212 762696
763342 763807
764144 767171
768400 768833
769645 770583
770953 773218
773463 775282
775880 777302
778218 779103
779643 780126
780375 781506
783200 784079
784790 788534
789145 790186
791821 793584
794078 795933
796440 797026
797603 797939
798632 804324
804943 805434
806486 808873
810202 814120
816576 816724
817275 818412
819146 823145
823894 824338
825300 827209
828463 829802
830498 831221
831879 831968
832704 834596
836455 837968
838094 841780
843010 844646
845314 847344
849268 850138
850695 852155
853528 853883
855236 855781
856371 858245
858867 863128
863924 867544
868265 869147
869625 870146
870775 875664
876332 880464
881688 884654
885217 886309
887440 889841
890538 890801
891306 891612
892646 894725
896210 897767
898432 899383
899984 901102
901856 902516
904129 904286
906216 906459
906462 908018
908683 909288
910108 912282
912898 914166
914999 916471
917731 918361
918944 919670
920345 920623
921134 921747
922687 923211
924166 926777
927906 929347
930251 932223
932724 935450
936217 936795
937591 937986
938491 939010
939569 941717
942519 942994
944662 945409
945937 948133
948702 948843
949685 952448
953249 953770
954434 955374
956568 956823
957649 958135
958721 960503
962903 963684
964538 967785
968731 970767
971418 972056
972658 972800
973437 974529
975466 979422
979952 981318
981955 982452
983238 984814
985190 990072
990827 991851
993607 994032
995439 996406
998316 998668
999389 1004223
1005048 1005950
1007882 1008823
1009974 1011595
1012325 1012989
1013426 1014033
1014597 1016292
1017533 1024798
1025309 1027182
1028247 1035166
1035674 1038134
1039426 1040653
1041165 1045517
1046390 1046617
1047698 1048231
1050183 1050719
1051047 1054553
1055136 1055207
1056135 1063761
1064316 1065785
1066714 1066845
1067873 1068839
1069360 1070644
1071540 1072361
1072949 1076320
1077702 1078323
1078812 1079225
1080447 1081349
1082398 1083392
1083969 1090308
1090500 1090951
1091758 1092531
1093695 1093819
1094418 1096283
1096908 1097888
1098588 1100249
1101256 1101975
1102681 1104861
1106607 1107149
1107836 1110006
1110750 1111680
1112134 1113249
1114586 1114817
1115346 1117763
1118428 1118999
1119002 1119368
1119806 1119957
1121425 1126151
1126775 1127855
1128719 1129057
1129784 1129889
1130390 1130741
1131545 1133696
1134285 1136894
1138378 1138728
1140141 1140719
1141195 1141593
1142403 1142784
1143489 1144526
1145519 1145898
1146585 1150269
1150845 1151683
1151952 1152041
1152731 1155634
1156138 1156356
1156931 1159889
1160471 1161697
1162475 1163643
1164671 1165614
1166086 1166278
1166931 1169649
1170142 1173461
1174062 1176066
1176522 1176790
1177649 1178247
1179012 1179343
1179801 1182867
1183492 1185665
1186565 1189239
1189967 1191506
1192111 1192970
1193846 1194488
1195398 1195692
1196523 1197061
1197610 1203195
1203914 1208374
1208794 1208864
1209718 1211507
1212169 1212286
1212822 1213931
1215099 1215919
1216744 1216965
1217193 1220269
1220964 1221921
1222572 1224862
1225383 1225986
1226322 1226783
1228631 1231371
1231795 1234248
1235887 1237239
1237846 1242811
1243640 1245789
1246296 1246841
1247460 1248440
1248807 1249249
1250159 1250801
1252159 1253636
1254511 1256865
1257423 1258219
1259335 1259477
1260062 1260305
1260690 1260907
1262142 1264252
1264823 1267171
1267541 1271379
1273578 1274601
1275295 1277143
1277988 1280240
1280836 1280956
1281769 1286136
1286718 1286911
1287595 1287951
1289659 1292180
1293212 1294521
1295028 1296089
1296549 1297099
1297925 1298202
1299149 1299374
1299951 1303788
1304302 1305122
1305485 1308114
1308697 1309653
1310251 1314792
1315502 1316137
1317389 1317570
1318156 1320336
1321226 1321721
1322432 1323503
1324687 1325185
1325803 1325981
1326487 1330516
1331137 1331722
1332107 1332306
1333223 1337179
1337953 1339369
1339575 1340485
1340928 1341526
1342075 1342892
1343449 1347104
1347752 1348058
1349208 1353031
1353598 1355438
1356096 1357945
1358727 1361125
1361481 1363800
1364469 1364878
1365437 1365791
1366301 1367235
1368939 1370060
1370211 1371500
1373155 1374196
1374958 1378748
1379072 1380655
1381577 1382560
1384526 1390128
1390920 1391558
1392295 1393223
1393501 1398192
1398762 1399123
1400260 1402907
1404261 1404931
1406116 1406208
1407016 1407670
1408278 1413377
1414369 1415075
1416107 1418707
1419625 1420141
1420825 1421857
1422409 1422496
1423760 1425314
1427735 1427963
1428853 1430947
1432316 1433326
1434002 1434407
1435206 1435665
1436170 1436479
1436942 1437299
1437880 1438167
1438941 1440068
1441101 1442282
1442712 1443088
1443696 1450364
1450873 1452721
1453418 1455070
1456254 1460535
1461077 1463053
1463896 1463997
1464465 1464868
1466087 1466186
1466607 1467948
1468735 1473846
1475916 1477180
1478322 1480257
1480804 1483472
1483773 1486610
1487673 1488889
1489510 1489692
1491148 1494316
1494565 1499360
1500646 1503924
1506438 1511215
1512347 1512646
1513166 1519326
1520149 1521431
1522912 1527007
1528250 1528422
1529189 1532408
1534877 1538743
1539478 1540755
1542055 1542829
1543487 1543911
1544441 1545613
1546328 1547442
1548161 1548232
1549058 1549838
1550634 1552151
1552774 1553989
1555176 1555840
1556536 1556758
1557277 1557373
1557808 1557987
1558888 1558941
1559620 1560123
1560336 1563495
1565593 1566122
1566522 1566781
1567839 1574396
1574956 1575368
1576094 1577628
1578624 1581903
1582563 1583403
1584034 1586209
1586828 1587466
1588230 1589865
1590981 1594715
1594918 1599405
1600047 1605442
1606282 1609852
1610432 1615022
1615693 1621542
1622183 1623102
1623495 1627672
1628158 1628805
1629175 1631049
1631642 1631834
1632709 1633632
1634477 1636101
1636876 1641956
1643160 1645207
1646379 1662583
1663613 1663705
1664461 1666558
1667855 1669616
1670281 1670466
1671632 1672280
1672939 1673248
1674195 1679001
1679855 1681462
1682386 1684260
1685622 1686134
1686638 1687186
1688181 1689870
1690785 1692392
1692920 1693855
1696010 1699825
1700917 1700996
1701818 1702081
1702767 1702836
1703475 1705634
1705732 1708898
1709429 1711174
1712746 1718191
1719191 1725325
1726448 1726790
1727672 1729888
1730962 1732028
1732713 1733681
1734448 1735961
1736549 1740230
1740932 1741932
1742387 1745696
1745942 1747913
1748724 1748911
1749938 1752765
1753303 1754491
1755008 1755331
1756093 1756611
1757218 1760889
1761476 1768907
1769601 1772794
1773414 1774059
1774730 1780169
1780730 1781034
1781868 1782078
1783251 1785896
1787021 1789421
1790169 1792896
1793988 1795684
1797422 1804346
1804994 1806132
1806649 1808268
1808565 1808704
1809253 1809511
1811024 1812700
1813464 1816542
1817257 1817967
1818504 1820628
1821236 1826152
1826795 1826961
1827685 1828662
1829783 1830112
1831015 1831534
1832855 1836781
1837655 1838675
1838785 1843224
1843734 1844049
1844704 1848206
1849167 1855461
1856001 1856347
1856940 1857227
1857888 1858805
1860205 1860998
1861567 1861993
1862567 1864097
1864698 1865051
1866170 1868352
1868734 1870224
1870870 1871097
1871653 1872011
1872245 1873991
1874549 1877802
1878362 1878749
1879698 1884077
1885013 1885134
1886025 1886138
1887183 1887947
1888497 1888598
1889111 1889724
1890480 1898663
1899371 1901719
1902250 1902964
1903591 1903768
1904753 1906808
1907477 1907879
1908146 1913660
1914294 1917789
1918418 1919679
1920600 1928683
1929290 1934014
1934683 1935318
1936147 1942286
1942790 1943255
1943853 1944781
1945463 1949942
1951103 1954796
1955563 1955647
1956257 1959121
1959877 1962466
1963302 1964252
1964639 1966968
1967802 1969300
1970411 1971063
1971873 1975849
1976201 1982400
1983096 1986405
1986408 1996596
1997162 1997401
1998004 2006569
2007134 2014396
2014746 2016987
2017620 2019497
2020048 2022166
2022798 2031932
2032439 2040766
2041410 2045177
2045713 2045974
2046696 2050931
2051433 2051718
2052678 2053315
2054480 2056854
2057402 2058411
2059249 2063798
2064456 2064921
2065463 2067023
2067886 2068205
2068932 2069426
2069927 2073450
2073982 2074142
2075955 2080118
2080782 2083524
2084044 2084120
2084746 2087799
2088374 2089609
2090422 2095509
2096010 2098531
2099044 2100871
2101590 2104263
2104802 2104921
2106103 2106643
2107540 2107910
2108353 2108450
2109265 2112057
2112536 2113651
2114165 2117390
2118617 2120287
2121067 2126429
2127157 2128410
2129250 2130932
2132119 2134822
2135481 2136381
2137673 2137982
2138544 2140719
2141564 2145055
2145823 2147891
2148397 2156651
2157009 2158396
2158922 2159465
2160131 2163554
2163882 2165540
2166143 2166265
2166723 2168010
2168653 2171900
2172463 2172799
2173601 2174838
2175555 2179000
2179816 2181012
2182125 2183557
2184229 2184561
2185248 2185490
2186006 2186325
2187039 2187126
2187627 2189632
2190424 2191211
2191474 2192169
2193993 2199395
2200076 2200725
2202153 2202225
2202748 2206974
2208013 2212831
2214897 2216273
2216875 2220350
2221206 2223848
2223857 2230588
2231566 2239431
2240200 2240637
2241171 2242200
2242423 2244626
2246114 2249183
2249848 2250886
2251633 2265070
2265237 2270587
2271167 2271829
2272549 2272891
2273426 2276114
2276983 2280742
2281352 2284504
2285694 2290956
2291716 2292772
2293448 2299448
2300202 2302845
2303389 2303618
2304383 2306949
2307556 2315456
2316432 2317412
2317928 2324667
2325329 2328618
2328957 2330153
2330156 2331437
2332282 2332824
2334170 2335778
2336218 2341104
2341802 2347541
2348294 2350056
2350964 2353535
2354354 2355255
2355844 2355893
2356388 2361235
2362420 2363060
2363570 2369688
2370256 2370821
2371581 2374042
2374546 2374752
2376346 2379976
2380867 2386285
2387023 2391781
2391997 2399361
2400260 2401580
2402384 2403203
2403842 2408026
2408190 2409001
2410005 2415943
2416207 2419007
2419519 2422682
2423326 2424792
2424998 2426317
2426882 2427697
2428349 2428928
2429430 2429591
2430199 2435367
2435928 2438783
2440244 2440330
2440987 2441413
2442092 2442474
2443070 2448352
2449107 2450124
2450663 2452087
2452675 2454602
2455362 2456844
2457548 2458073
2458415 2458692
2459049 2459118
2459676 2462423
2463128 2466435
2468664 2471730
2472488 2473810
2474051 2475017
2475605 2479450
2480235 2491437
2492318 2493298
2493454 2495733
2496350 2498725
2499317 2501585
2502101 2507146
2507584 2509026
2509187 2512000
2512538 2516663
2517670 2521762
2522341 2524189
2524736 2524874
2525246 2526210
2527015 2527692
2529277 2530810
2531404 2535932
2536444 2539281
2540234 2540384
2541662 2542892
2543110 2545180
2545953 2548251
2549141 2550111
2550770 2554826
2555782 2558675
2559335 2560238
2560758 2561469
2562052 2566422
2566977 2568480
2569069 2570998
2571863 2573591
2574261 2575634
2576340 2577090
2577290 2577386
2577942 2580797
2581996 2582110
2582422 2583340
2584267 2587381
2587929 2592021
2592252 2599306
2599782 2600139
2600690 2603952
2604482 2606525
2606876 2607842
2608325 2609591
2610159 2616458
2617995 2621157
2621827 2627193
2627742 2629225
2629875 2630108
2630795 2631267
2631891 2632940
2633745 2634942
2636050 2653838
2654383 2655302
2655980 2664522
2665067 2665213
2666022 2672078
2673347 2674294
2674846 2675232
2675860 2678503
2679188 2681546
2682123 2683360
2683947 2686294
2686702 2686933
2687238 2689494
2690011 2691467
2692102 2692567
2693397 2696751
2697153 2698967
2699868 2702273
2703347 2705543
2706183 2707282
2707821 2708780
2709744 2710075
2710574 2711208
2711886 2712843
2713127 2713331
2713837 2714277
2716228 2721901
2722730 2723119
2723767 2725345
2726531 2727643
2728816 2730905
2731660 2735275
2736122 2736862
2738468 2739015
2739517 2741987
2742288 2747273
2747859 2750467
2751080 2754110
2754113 2754924
2755452 2757591
2758074 2760105
2760719 2765245
2766117 2768359
2768976 2770644
2771415 2772456
2772974 2775233
2775596 2780843
2781806 2783814
2784597 2788137
2788761 2788882
2789195 2789941
2790719 2792670
2794478 2797762
2798351 2799845
2800567 2800671
2801522 2802061
2802984 2805560
2806144 2806466
2807222 2807528
2808371 2809256
2810000 2810532
2812452 2813254
2813870 2815756
2816665 2817143
2818415 2820167
2820728 2822584
2823430 2824675
2825407 2829504
2830034 2831891
2833156 2833983
2834713 2835316
2835917 2836308
2836835 2837030
2838109 2840229
2841776 2842323
2842864 2844427
2844947 2848064
2848686 2848903
2849433 2854167
2854689 2855879
2856277 2856415
2856875 2859485
2860108 2861202
2861904 2863047
2863673 2864047
2865117 2866800
2867508 2868381
2869071 2869871
2870486 2870738
2871293 2873850
2873920 2875012
2876631 2881909
2882395 2882649
2884327 2887584
2888225 2888278
2889334 2893489
2894342 2895073
2895719 2896137
2898240 2899467
2899984 2901715
2902475 2903109
2904700 2904862
2905581 2907640
2908681 2909461
2910702 2911083
2911804 2913313
2913999 2914237
2915039 2915934
2916524 2916969
2917855 2921073
2921692 2924485
2925175 2928173
2928873 2939251
2939808 2940491
2941034 2947009
2947626 2953585
2954443 2956039
2956378 2957763
2958408 2963465
2965143 2967911
2968449 2969050
2969777 2970596
2971698 2975642
2976308 2976443
2976955 2977509
2978727 2983836
2984944 2991110
2991687 2993644
2994222 2994501
2995190 2995850
2996509 2996760
2997845 2998045
2998415 2998499
3000088 3000208
3000952 3001176
3001681 3002257
3002889 3005045
3005714 3007575
3009192 3010505
3011250 3011726
3012776 3014037
3014846 3015489
3016140 3016381
3017002 3017575
3018987 3019203
3019951 3023955
3024242 3025662
3026308 3027303
3028065 3029647
3030446 3031554
3032157 3034554
3034557 3035995
3036678 3036831
3037512 3038199
3038967 3039458
3040001 3040095
3040567 3041158
3042118 3044794
3044892 3045690
3046079 3047324
3047562 3049346
3049616 3051442
3052000 3054079
3054601 3054946
3055769 3056395
3056958 3058679
3059369 3059640
3060220 3064138
3065220 3066837
3068675 3069565
3071156 3071497
3072124 3073766
3074542 3075293
3077005 3077338
3077891 3078308
3078467 3078673
3080468 3081837
3081855 3082640
3083757 3085743
3086296 3087038
3087041 3087317
3087782 3088273
3088783 3091539
3092219 3092330
3093628 3093920
3094753 3094997
3095491 3097697
3098406 3099681
3100371 3101161
3102140 3102236
3103173 3103799
3104880 3105404
3106426 3110638
3111013 3111162
3111707 3116666
3117459 3118458
3119139 3120632
3121447 3122703
3123660 3125085
3125090 3128330
3130215 3133246
3134107 3135026
3135937 3138649
3139459 3141090
3141823 3145229
3145736 3148922
3149610 3151096
3151861 3153137
3153804 3153869
3154987 3156982
3157495 3159570
3159990 3163814
3164494 3169198
3169332 3172976
3173369 3174315
3176118 3176753
3177304 3178789
3180742 3181039
3181649 3182790
3183398 3184059
3184830 3185615
3186126 3187335
3187715 3188314
3189090 3189176
3190295 3191428
3192018 3193971
3195479 3205712
3206232 3208455
3210291 3212930
3213155 3213401
3213539 3214015
3215205 3219315
3220060 3220989
3221587 3224967
3225124 3227008
3227742 3228308
3228918 3229653
3230245 3231224
3231817 3234441
3234862 3238097
3238701 3239336
3239842 3244309
3244911 3245988
3246430 3249419
3250498 3251502
3253068 3254090
3254770 3255210
3256009 3259752
3260534 3264312
3264988 3267000
3267694 3268590
3269524 3270988
3271741 3272309
3273159 3273339
3273929 3274714
3275648 3279243
3280422 3280716
3281096 3286769
3287462 3290227
3291544 3291661
3292077 3292834
3293796 3294617
3294626 3296004
3296683 3297099
3297748 3298084
3299072 3302407
3303650 3303719
3304394 3305067
3305773 3306780
3307524 3308038
3308808 3310444
3311183 3314659
3315625 3315799
3316435 3318273
3318927 3320707
3321456 3323262
3323865 3326096
3327395 3330873
3331432 3332383
3332984 3334352
3335980 3338110
3338974 3340144
3341819 3348433
3349147 3349943
3350515 3352931
3352938 3353563
3354323 3358824
3359329 3362444
3363702 3364048
3364693 3366124
3366887 3367068
3368599 3372603
3373568 3373856
3374363 3374977
3375350 3375954
3376595 3376940
3377364 3378125
3379117 3380063
3380648 3381203
3381562 3382601
3383009 3385090
3386581 3386905
3387418 3388003
3389954 3390154
3390813 3391784
3392424 3393771
3393778 3395676
3396235 3397022
3397549 3402377
3402922 3404075
3404729 3406839
3407362 3408252
3408916 3411158
3411798 3412008
3412825 3415298
3416063 3418479
3419243 3421458
3422370 3423542
3424179 3425780
3426454 3428026
3428576 3428722
3430763 3431974
3432694 3433910
3434512 3435930
3436567 3439630
3439634 3440691
3441123 3442243
3443037 3443331
3444561 3446326
3446880 3447657
3448301 3451388
3451961 3452436
3453350 3456278
3457076 3462200
3463865 3464804
3465686 3470991
3471443 3474133
3474136 3475692
3476795 3477741
3478376 3480600
3481297 3482356
3482866 3484280
3485033 3485591
3486363 3489591
3490457 3497946
3498553 3499370
3499636 3502419
3503336 3504525
3505431 3512938
3513044 3514136
3515153 3519157
3519760 3524209
3525148 3528539
3529369 3530378
3530382 3533273
3533867 3542378
3543219 3545779
3546354 3546410
3546414 3546676
3546681 3549217
3549741 3551083
3551792 3552650
3553220 3555488
3556605 3557285
3558449 3558857
3559825 3560147
3561123 3567104
3567322 3568911
3569342 3571747
3572517 3574157
3574856 3575750
3576241 3578529
3579248 3580507
3581019 3584166
3585287 3585436
3585787 3585929
3586572 3586689
3587466 3588459
3588823 3589675
3590686 3591002
3592134 3593564
3594217 3596480
3596603 3597302
3598068 3598968
3599756 3600785
3600903 3601217
3601968 3603390
3603813 3603873
3604484 3606042
3607408 3609039
3609575 3609839
3610671 3612390
3612620 3614503
3615630 3615707
3616236 3619722
3620373 3620660
3621182 3622204
3622417 3623101
3623976 3625233
3625787 3627016
3628771 3629775
3630464 3631038
3632130 3632849
3633315 3633841
3634757 3635357
3635912 3636280
3636926 3640608
3641838 3644647
3645447 3645613
3646689 3647131
3648804 3652290
3652745 3657408
3657588 3658542
3659162 3660930
3661571 3661867
3663083 3663250
3663924 3667330
3667867 3669473
3669947 3671562
3672423 3672668
3673400 3673643
3674152 3674222
3674739 3676662
3677176 3677399
3678607 3679426
3679991 3680928
3681555 3681735
3682268 3682632
3682927 3684560
3685376 3686118
3688908 3689377
3691314 3691381
3692169 3692257
3692786 3693121
3693747 3694709
3695416 3697345
3697872 3697964
3698492 3699430
3700433 3703378
3704575 3708384
3709163 3709332
3710237 3710660
3712360 3713885
3714888 3715779
3716446 3717502
3718086 3719360
3720134 3721204
3721712 3723905
3724992 3726779
3728031 3729017
3730118 3730294
3731478 3731800
3732329 3733288
3734274 3734741
3735256 3735599
3736810 3737016
3738462 3739156
3739827 3741585
3742242 3744129
3744956 3745878
3746550 3749023
3750529 3750995
3751507 3751913
3752465 3753394
3753997 3755642
3755895 3757660
3758634 3759027
3759732 3760974
3762206 3763383
3764715 3765217
3765913 3765985
3766630 3768355
3768889 3770467
3771142 3772811
3773853 3774360
3775152 3776330
3776981 3777595
3779464 3780005
3780656 3780783
3781475 3785823
3786498 3787356
3787911 3791534
3792642 3794188
3794946 3798793
3799610 3800321
3801813 3804240
3804808 3805629
3806345 3807835
3808343 3808494
3809084 3811031
3812288 3815587
3816711 3816952
3817527 3818638
3819512 3821373
3821889 3824089
3824594 3825168
3826586 3828753
3829543 3831036
3831696 3832137
3832921 3834796
3835534 3836175
3837448 3838642
3839279 3841101
3841852 3842090
3842624 3843587
3844162 3845358
3846005 3848496
3849364 3853334
3853544 3855172
3855775 3859989
3861326 3861947
3862572 3863132
3864064 3871405
3872321 3872969
3873487 3881569
3882385 3883825
3884977 3885077
3885474 3889461
3890056 3892414
3893061 3895627
3896372 3897510
3897669 3898084
3898812 3900596
3901487 3904493
3905034 3906803
3907331 3908208
3909616 3914558
3915118 3916063
3916731 3917840
3918242 3920977
3921803 3925728
3925851 3927947
3928308 3929039
3930442 3932087
3932783 3932968
3933541 3934565
3936035 3940959
3942174 3942449
3943376 3946098
3946835 3948376
3949213 3951583
3952141 3952321
3952738 3954119
3954685 3955133
3955902 3956771
3957378 3957770
3958272 3958613
3961188 3964158
3964706 3965322
3966012 3966486
3966824 3967204
3968513 3970120
3970795 3973647
3974175 3974344
3974856 3975028
3975856 3975916
3976217 3976464
3977118 3978949
3980063 3981076
3981637 3982189
3982695 3983745
3984543 3984942
3985517 3986470
3987324 3987581
3987897 3988428
3989004 3991599
3992091 3993069
3993567 3993783
3994370 3994430
3995593 3996365
3997253 3997466
3997596 3999313
4000616 4001377
4001893 4001992
4003729 4005674
4006328 4008683
4009380 4011248
4011826 4012982
4013711 4014045
4014750 4014910
4015791 4019029
4019625 4020687
4021523 4023307
4024077 4025066
4026741 4026978
4028788 4029673
4030189 4032194
4033426 4034379
4034955 4037205
4037742 4038378
4038893 4039287
4039792 4040575
4042494 4042593
4042792 4043191
4043540 4043687
4046085 4046979
4048436 4048627
4049802 4049921
4050726 4052429
4052999 4055145
4056545 4057395
4057858 4058124
4059180 4060647
4062131 4062513
4063374 4065358
4065940 4067348
4068614 4069596
4069741 4069797
4070066 4071211
4072099 4073773
4074172 4074412
4075230 4075964
4076288 4082114
4083213 4083578
4084312 4084666
4085383 4085547
4086435 4086492
4087334 4089190
4089769 4096887
4097731 4098236
4098834 4100395
4101246 4103943
4104447 4105668
4106461 4106755
4108461 4108727
4109336 4109820
4110459 4111437
4112643 4113855
4115125 4115543
4115938 4116002
4116743 4117661
4119113 4119916
4120489 4121414
4122151 4125563
4126128 4126694
4127962 4129174
4129932 4131412
4131993 4132111
4132794 4133478
4133890 4135525
4136097 4136924
4139541 4139767
4140420 4142788
4143647 4144043
4145789 4145880
4146936 4148873
4149635 4151078
4151755 4151831
4152500 4152846
4153682 4155728
4156259 4156364
4157345 4158799
4159767 4161645
4162382 4163776
4164833 4165273
4166147 4167299
4168689 4169074
4169909 4170834
4171879 4173873
4174525 4180195
4181508 4183351
4183950 4184377
4185625 4186552
4187239 4187342
4188596 4190069
4190643 4191483
4191641 4192018
4192749 4194290
4195407 4196320
4197486 4197858
4198679 4200427
4201217 4202212
4203646 4204187
4204823 4205623
4206671 4206864
4207685 4207929
4208021 4208307
4208969 4211356
4213046 4222542
4224450 4224581
4225421 4226354
4228242 4228825
4229405 4230104
4230797 4231832
4232169 4232319
4233021 4235075
4236133 4237355
4238736 4239786
4241306 4241424
4242446 4242602
4244888 4245140
4248111 4248366
4249140 4249412
4251191 4251485
4252479 4253678
4254487 4255568
4256399 4259534
4260271 4263602
4264424 4264694
4265265 4265318
4265900 4266673
4267409 4268086
4269256 4269832
4271032 4271766
4272189 4272436
4273251 4278475
4279498 4279745
4280431 4281165
4281971 4283708
4285140 4285388
4285932 4286085
4286740 4288067
4289752 4290253
4291200 4291585
4292137 4292587
4292815 4293121
4293407 4293460
4294546 4294782
4296015 4296196
4296946 4297233
4298641 4299469
4300164 4300832
4302218 4302385
4302806 4304256
4305074 4306016
4306269 4306792
4308132 4309351
4310524 4311482
4312073 4314652
4315474 4318179
4319029 4321619
4322685 4322782
4323404 4326215
4327383 4327763
4330036 4330085
4331801 4333429
4334119 4335298
4336294 4338652
4340137 4340237
4340758 4341307
4341973 4342052
4343264 4345179
4346305 4346751
4348610 4348895
4349644 4350663
4351370 4351747
4352795 4352983
4353939 4359938
4361362 4362002
4362951 4363593
4364316 4365246
4365495 4366588
4367292 4371831
4372296 4374417
4374771 4375320
4375861 4376259
4376786 4379778
4380546 4380927
4381720 4383270
4384082 4384333
4384453 4387961
4388523 4389107
4389666 4390115
4391522 4392057
4392347 4393231
4393729 4394659
4395232 4395650
4396173 4399014
4400346 4400487
4401156 4401673
4402762 4403543
4404591 4404775
4405932 4406502
4407271 4407550
4408354 4409714
4410904 4412835
4414478 4415203
4417507 4419573
4420727 4420782
4421515 4421827
4422122 4424619
4425243 4425503
4426027 4426686
4427196 4428022
4429456 4429798
4432161 4433147
4433666 4433747
4434518 4435113
4435746 4436000
4436714 4436814
4437719 4438146
4440147 4441311
4442348 4443755
4444713 4444969
4445721 4445847
4446859 4447066
4448111 4448241
4449336 4450081
4450868 4451015
4451967 4452316
4452946 4453051
4453576 4454132
4454764 4455508
4455909 4459264
4459388 4459798
4459986 4460703
4463158 4463308
4464537 4465965
4466300 4467511
4469375 4470596
4471446 4473122
4473723 4473785
4474612 4474966
4476880 4476976
4477933 4478366
4479226 4480057
4480702 4481138
4482183 4482397
4485967 4487782
4488376 4488695
4489372 4490514
4492000 4492891
4493526 4494458
4494964 4495014
4495654 4495762
4495934 4496991
4497168 4498893
4500233 4504245
4505670 4507091
4509391 4509735
Kosakonia_cowanii_NZ_CP160413.1
558 8108
8666 35404
35600 35801
36205 36546
37172 37780
40101 40203
41592 43351
43751 44387
45102 50795
51858 52231
52782 56479
57130 69318
69754 72001
72863 83935
84247 88296
88849 97388
98210 102033
102561 104480
105026 111767
