Pantoea_rwandensis_NZ_CP009454.1
1 13316
13873 15145
15356 22645
23248 26003
26769 29655
30301 31975
32325 33225
36307 36698
37865 38301
39945 43288
43891 44542
45189 47813
48936 50031
50630 51465
52038 53304
53920 57677
58238 59355
60171 60467
61335 65046
65464 65940
66745 67353
67921 68659
69493 71861
73124 73939
74306 74930
76093 76380
77321 77462
78688 79687
80304 81268
82908 84567
85595 87949
89008 89350
90061 90184
90713 91308
92262 92368
93117 93617
94296 95966
97360 98017
98470 100639
101504 101555
102611 103516
104143 105298
105754 106494
106942 112978
113577 117520
118405 119426
119950 120365
120769 120981
121839 123476
124832 128322
128757 129111
129299 131076
132053 132253
135392 135952
136945 140692
141329 141802
142452 144822
146649 146937
150338 150471
150993 153162
153771 153999
154246 160507
161849 162982
163960 164158
164928 166988
167155 168437
169551 169962
170382 171216
172113 172423
174638 178812
179561 180295
180968 181693
181992 183251
183574 185523
187278 187371
188209 188748
189204 190201
190908 190961
191576 192466
192991 193210
193541 193872
194533 195233
196516 197037
197585 197708
198790 201061
202629 203861
204791 205892
206464 206968
207523 209074
209780 210339
210967 212035
212707 212774
213362 214243
214742 215127
215384 215520
217075 218869
220264 220575
221808 222110
222674 222821
224173 227374
227879 230204
230636 231324
233717 234477
235305 236428
237868 241188
241467 244577
244699 245604
246408 246662
247873 248763
250197 250474
251896 251955
253048 253862
254763 255704
256509 256624
257424 258017
261304 261411
263326 263464
264644 266133
267084 267355
268283 268593
269922 273290
274044 274595
275644 275891
276180 277025
277426 282761
282978 283459
284124 285996
286167 286473
287132 287234
288139 290694
291305 292315
293044 293666
294445 295232
295762 296187
296700 298148
298709 299283
299499 299742
301060 302065
302932 305412
307545 308440
309770 310148
311370 312042
312551 314143
315320 315667
317073 319534
320167 321046
322420 323490
324368 325019
327404 328453
328767 329326
329804 330964
331725 332929
333881 335128
335783 335920
336965 338935
339162 340397
342297 342481
343584 345036
345706 346978
348957 349042
350162 350367
350846 351291
352840 353292
354684 354787
357023 357123
358052 359600
360738 361333
363143 363938
364862 365027
365561 366549
367390 367566
368303 368536
370381 372099
372399 373433
374477 374588
375281 380407
380957 381403
382173 382450
383918 384392
384974 385546
387611 387994
389659 392830
393593 396512
397418 398360
399415 401143
402913 403294
403738 405444
405699 405879
406482 407736
408421 410627
411982 419450
420078 420653
422127 423543
425295 426453
428105 429593
430158 430231
431836 432572
433358 434562
435250 435604
436403 436567
437250 437530
438740 440691
441357 441776
443031 444929
446156 446461
448259 450822
451350 455083
455628 457542
458074 458325
458912 462146
462247 462757
464063 464435
465065 465568
466259 466514
467307 467413
468435 468603
470192 471349
473983 474392
475518 475714
476759 477554
478085 479931
480168 480631
481371 483110
483613 484975
485569 493326
494496 496144
496616 496912
498787 499716
501115 501965
503928 504732
506159 506536
507224 510156
511636 513242
513896 515328
517482 517633
518246 518993
519850 519905
521065 521561
522298 524271
526337 526958
529372 529964
530675 530921
531437 533003
533450 534178
534830 534929
535841 536277
536795 537731
538478 539307
539937 540104
540683 541193
541911 542193
542787 546004
547029 547731
550654 552277
552749 554172
554296 556754
556927 559904
561374 562395
564290 564380
565214 566089
566600 567381
568132 568322
569049 569622
570256 570558
572768 572940
574197 575265
577345 579067
579964 580139
580612 581719
582453 583583
584410 586054
586588 586678
589503 592567
593294 604218
604425 605261
606094 606690
607388 608943
609990 610340
611127 612380
613733 615521
616494 616593
617161 617965
618722 619729
620705 624775
625971 626327
626825 631506
632874 633160
633770 633822
636539 637283
638050 639103
640253 641004
641416 641918
643435 644011
644697 644937
645479 647069
647345 648065
648589 649180
649639 652130
652479 653027
653764 654534
655660 657289
659262 660065
660943 661777
662423 663648
663981 664892
665403 665931
666550 667147
668260 668410
669529 669634
671713 672871
673728 675638
675921 676000
676578 676719
678643 681748
682238 683841
684637 684924
684997 685589
686355 687064
687178 687733
687925 689242
690221 691897
692052 692115
693143 694349
695068 696459
696988 699275
700868 701215
701705 701831
703917 704856
705640 707483
708514 710081
711155 711227
713002 713329
714398 715941
716450 719264
719813 723943
724397 724830
726260 727046
727588 729072
730909 731036
731603 732377
732727 733570
734195 734382
735161 738729
739215 740689
742199 742993
743521 743963
745427 746674
747227 747525
748616 754209
756628 758589
760590 761170
761722 761804
762401 763438
763858 765370
765935 766320
766753 768135
768225 769825
770389 776897
777139 778058
778558 779657
780246 780859
782057 783229
786002 786623
788227 788323
788626 788955
789664 795968
797426 797930
798467 799027
799319 801252
801861 801912
802911 805357
805992 807303
808066 808696
809176 811410
811709 812476
814858 815255
815993 817454
818795 819211
819818 820621
822506 823892
824590 824956
825497 825750
826441 826555
826847 827186
828110 830769
831613 833717
834245 834650
835833 836501
837889 838303
840491 840593
841639 842353
843018 844602
845214 846072
848281 849186
850219 850859
851479 853115
853719 855526
856973 858536
859340 863456
864197 864402
864641 866969
867734 868219
868641 869319
870004 871129
872105 873913
874483 875352
875974 876030
877012 877146
877709 878852
879511 879908
880649 885095
887200 888065
888869 889526
890426 891170
892087 892691
893058 893212
896188 897847
899676 899862
900433 900786
901423 902401
902898 905873
906564 906801
907884 908005
910545 912088
912631 913666
914312 914709
916595 917507
919666 921040
921704 922356
923092 923666
923829 925212
925293 925918
926019 926536
927798 929700
930314 931293
931848 932038
932558 932630
933310 934600
935220 938011
940541 942159
943169 943718
946656 946927
947552 947732
948276 948681
949251 949501
950087 953285
953636 955383
956838 958125
958575 961272
962633 963294
963917 964421
966235 966706
967612 969689
970807 971047
971236 971293
972063 972487
973057 976503
977031 979658
981224 981420
982247 982341
983342 983645
984934 985358
987991 988884
989181 990673
991848 993082
994187 995121
996225 996766
997361 998459
999057 1000582
1001374 1002232
1003284 1003717
1005856 1008491
1009160 1010303
1011028 1012567
1013117 1013789
1014730 1015381
1015821 1017081
1018413 1018764
1019109 1019849
1020522 1020585
1020714 1020825
1022647 1023008
1023621 1024035
1024811 1025043
1025717 1026354
1026894 1027087
1028346 1030284
1031070 1031374
1033287 1033905
1037497 1037743
1037956 1038276
1038785 1039416
1040441 1040503
1042286 1045019
1045756 1046315
1046625 1047852
1048434 1049331
1050014 1052395
1052898 1053854
1054529 1054955
1055540 1056615
1057639 1057936
1058702 1059272
1060081 1061941
1062436 1065106
1065746 1066323
1067136 1067691
1068311 1070208
1070751 1070877
1071356 1072266
1073012 1073122
1073662 1107922
1108564 1109786
1110159 1111589
1113041 1113208
1114253 1114428
1115936 1119646
1120239 1121698
1123221 1124695
1126629 1126809
1127350 1127631
1128176 1128261
1128572 1131061
1132582 1133458
1133967 1135850
1136395 1137067
1138135 1139696
1140964 1142531
1142881 1143737
1144896 1145457
1146656 1147709
1149099 1150374
1151340 1155263
1155843 1156298
1156820 1157424
1158148 1158448
1159135 1161175
1162134 1165327
1165930 1166233
1166929 1167390
1168696 1169660
1170029 1170657
1170737 1171493
1172051 1172258
1172918 1175825
1176363 1177773
1178154 1181133
1181652 1182845
1183456 1184681
1186346 1186537
1187957 1188086
1188761 1189931
1190950 1191497
1192303 1192381
1193140 1196690
1196855 1197269
1197736 1198731
1199389 1199541
1201493 1202324
1202868 1203327
1205513 1206143
1206264 1207726
1208277 1210872
1212898 1213426
1214285 1237280
1237662 1237885
1238570 1238750
1240116 1240236
1240809 1241058
1243587 1248402
1248950 1249018
1249517 1249748
1250709 1251234
1251756 1257720
1259097 1259194
1259575 1259827
1260824 1262182
1262802 1263432
1264121 1264400
1264993 1266961
1267368 1269958
1271045 1272019
1272838 1273467
1273940 1276650
1277157 1278122
1278342 1281814
1283322 1284410
1285289 1286632
1287396 1287636
1288172 1288873
1290094 1290189
1290778 1291363
1291891 1292836
1293357 1293478
1294767 1295143
1295449 1296450
1297200 1298092
1298887 1300556
1301302 1301520
1302916 1303518
1303962 1304604
1306101 1319731
1320070 1323055
1323304 1353033
1353399 1354187
1354636 1356931
1358168 1359326
1360165 1360296
1362013 1362925
1363266 1365744
1366763 1367082
1368845 1369022
1370003 1370091
1370705 1371237
1372303 1373842
1374373 1374817
1375378 1376850
1377546 1379393
1379998 1380697
1381224 1381452
1382113 1383375
1384048 1385271
1386555 1386696
1387734 1387975
1389661 1389867
1390769 1392382
1393471 1394065
1394493 1395233
1395762 1396094
1396665 1397804
1398702 1406365
1407819 1407973
1408063 1409317
1409989 1415329
1416302 1417326
1418150 1418286
1418518 1422296
1422920 1423875
1425301 1426062
1426392 1428011
1428806 1429810
1430315 1434473
1435298 1438197
1438887 1440443
1440645 1441166
1441889 1443432
1444198 1444353
1445142 1447136
1447764 1450667
1451683 1452259
1453451 1460330
1462417 1462565
1463312 1463603
1464249 1464440
1465686 1466773
1467046 1467123
1467911 1474271
1474898 1475324
1476416 1477566
1479152 1480882
1481435 1482745
1483291 1484372
1485254 1487019
1489344 1489647
1490581 1493137
1493835 1494192
1495844 1496003
1497695 1497766
1498484 1500273
1502826 1504144
1504688 1505828
1506845 1509132
1509833 1513089
1513844 1514073
1515448 1515847
1516141 1517971
1518681 1520128
1520383 1526884
1527240 1532275
1532751 1535080
1535410 1544981
1546060 1546329
1547332 1547420
1547943 1549308
1549714 1551341
1551968 1552514
1553456 1553872
1554733 1555380
1557131 1558069
1558614 1559796
1561223 1561414
1561952 1562312
1563313 1563480
1564333 1565148
1566250 1566760
1568272 1568679
1570050 1572258
1575159 1581165
1581375 1583063
1583808 1583983
1584951 1586796
1587439 1588875
1589418 1589664
1590291 1591258
1591782 1591984
1592369 1592720
1594800 1596630
1597325 1598694
1599692 1600151
1600973 1601147
1603349 1604562
1605349 1607185
1607784 1612149
1613516 1614258
1615060 1615233
1615882 1620042
1620490 1633658
1634316 1635094
1635988 1636675
1637314 1637996
1638618 1638677
1639339 1639631
1641012 1641390
1641898 1641962
1642519 1642701
1643370 1644537
1645443 1645530
1646602 1646912
1647440 1648043
1648635 1649358
1649877 1650172
1651550 1651714
1652254 1653137
1653674 1653826
1654326 1654391
1655153 1656063
1656456 1656744
1657229 1658921
1659563 1661578
1662971 1663287
1664213 1665868
1666532 1667041
1667792 1668512
1669064 1669911
1670570 1672690
1673448 1674899
1677306 1677436
1678039 1678559
1680038 1681684
1682265 1684097
1685270 1687797
1688369 1689204
1690786 1691657
1692382 1693128
1693706 1694102
1694895 1695882
1697167 1697242
1697869 1699216
1699776 1699985
1700534 1700611
1701408 1701637
1702149 1703011
1704184 1705107
1705681 1706023
1706923 1707154
1707922 1711649
1712114 1713282
1714969 1715902
1716658 1716990
1717492 1718026
1719143 1720847
1721377 1722005
1723894 1724871
1725419 1726471
1727316 1729041
1729956 1730860
1731611 1733447
1734005 1734815
1735316 1739407
1739992 1740051
1740613 1742825
1745202 1745394
1747154 1747313
1748005 1749729
1750409 1750646
1752431 1752725
1752824 1755154
1757679 1758579
1759149 1759357
1760290 1761304
1761918 1764631
1764974 1765161
1765623 1766062
1766776 1767362
1768013 1768161
1768596 1771623
1772520 1773639
1774593 1775975
1777218 1779017
1780014 1783086
1783864 1784965
1785226 1785831
1786421 1788597
1789635 1791431
1792358 1794296
1794690 1795436
1796322 1796569
1798785 1798923
1799732 1801462
1801975 1803380
1803926 1808785
1809296 1809710
1810354 1810849
1811509 1811883
1812357 1813860
1815065 1815431
1816367 1818318
1818989 1819649
1820212 1820902
1822406 1823028
1824610 1825067
1825553 1825883
1826503 1826892
1827413 1827643
1828484 1828718
1829554 1830583
1830920 1831433
1832171 1832950
1833416 1835466
1837782 1841788
1842887 1844946
1847190 1847259
1847345 1848314
1849121 1849359
1850608 1852891
1853093 1853893
1855999 1857981
1858819 1859577
1861549 1866794
1867556 1867983
1868937 1869046
1869633 1870130
1871113 1872246
1873232 1873691
1874411 1875674
1876136 1876243
1876739 1877046
1878470 1878847
1879918 1879995
1881119 1881407
1882465 1884551
1885103 1886596
1887488 1888385
1889756 1890077
1890712 1890962
1891934 1892611
1893143 1893961
1894505 1895087
1895989 1897292
1897930 1899453
1900241 1900406
1901931 1902315
1903391 1904600
1909337 1909990
1911388 1911813
1912631 1912831
1914073 1914329
1914986 1915317
1917317 1917458
1917895 1918666
1919951 1920130
1921529 1922339
1924412 1924888
1925476 1926015
1926701 1928955
1930149 1930205
1930869 1931201
1931304 1933935
1936032 1938281
1939136 1945961
1946614 1947321
1947540 1948593
1948952 1950408
1951320 1952020
1952428 1954605
1955012 1955257
1955853 1955986
1956576 1957405
1958602 1959217
1960150 1960217
1961129 1961700
1962136 1962368
1963139 1965002
1965808 1967534
1968113 1968236
1969573 1969651
1972347 1974024
1974563 1976125
1977921 1978972
1979702 1981227
1981856 1982506
1983207 1987289
1988202 1990662
1991202 1991970
1993004 1993650
1996588 1997318
1997752 1997828
1998370 1998646
1999731 2001570
2003083 2003238
2003968 2006088
2006198 2006713
2008524 2009596
2010502 2017450
2018004 2018224
2018952 2019019
2019178 2019900
2020548 2023130
2024293 2025702
2026497 2028523
2028897 2032957
2033615 2035035
2035204 2035279
2036533 2038472
2039513 2040389
2040898 2041162
2042125 2042370
2042988 2047841
2048489 2053835
2054536 2057471
2059356 2060990
2063202 2064139
2066274 2066681
2067242 2067350
2068156 2084168
2084674 2085621
2086731 2087189
2087668 2089172
2090397 2092615
2092939 2094137
2094891 2095703
2096225 2096456
2097679 2099182
2100736 2101415
2102157 2103387
2104113 2106288
2106820 2108341
2109543 2109635
2110433 2112481
2113010 2114025
2115032 2129374
2130356 2133672
2134525 2134648
2136277 2136618
2137140 2144626
2145529 2147316
2148173 2153125
2153683 2159167
2160114 2161591
2162390 2169456
2170042 2177471
2178233 2186785
2187450 2187706
2188300 2189073
2190648 2190906
2191504 2192281
2193103 2196451
2196942 2199138
2199293 2208864
2209310 2209994
2210572 2217340
2217897 2218579
2219172 2220212
2221885 2225068
2226442 2226526
2227137 2227998
2228307 2228859
2229405 2231287
2232291 2232568
2233464 2242924
2243550 2244422
2245362 2247533
2248528 2248628
2249313 2250496
2251453 2252608
2253346 2254036
2256104 2256347
2257569 2258224
2259066 2261943
2262373 2264217
2264586 2265690
2266504 2266937
2267590 2269568
2270209 2270365
2271027 2273899
2274573 2274647
2275312 2276299
2276916 2278865
2280116 2280956
2282884 2284812
2287072 2287583
2288365 2289580
2290160 2292183
2292826 2293950
2294201 2294724
2295167 2295569
2297246 2297718
2298927 2299013
2299661 2299926
2300629 2300962
2301483 2304006
2304618 2307828
2308609 2310029
2310536 2310778
2311583 2312506
2313097 2314528
2315108 2317910
2319158 2322322
2324008 2325298
2325829 2330987
2331251 2331719
2332807 2333575
2334217 2335874
2338715 2339086
2340134 2341854
2342980 2345361
2345451 2347219
2347472 2348754
2350163 2350446
2351797 2353089
2353654 2356482
2357039 2362136
2362548 2366858
2367270 2367848
2368979 2370420
2372061 2373427
2374532 2374949
2375657 2375822
2376490 2379549
2380174 2381175
2381759 2382130
2383341 2385357
2386270 2389876
2390372 2390561
2391412 2392158
2392835 2395450
2396728 2397290
2398011 2399165
2399391 2401023
2403158 2406341
2406685 2417285
2418226 2420537
2421705 2422149
2422753 2424037
2425544 2425927
2426927 2427190
2428030 2429870
2430577 2432742
2434757 2435197
2435747 2436096
2438827 2439169
2439620 2442192
2445124 2445777
2446617 2447789
2448294 2450407
2451616 2453354
2455299 2457789
2459908 2460868
2461623 2464435
2465470 2466755
2467337 2468683
2469548 2470687
2471531 2474260
2474781 2476601
2477185 2479714
2479949 2483567
2484146 2485167
2486923 2487328
2491426 2492334
2492935 2495054
2495909 2496341
2497225 2498583
2499087 2499444
2500164 2500288
2501352 2501481
2501991 2503047
2503332 2504051
2506534 2508184
2508877 2509326
2509944 2511123
2512102 2517582
2518311 2522178
2523306 2524330
2524523 2525268
2526653 2526820
2527329 2529622
2531288 2531812
2532328 2534366
2535035 2535292
2535865 2536542
2537251 2538915
2539674 2549775
2550276 2551107
2552102 2554956
2555728 2556546
2557726 2558442
2558949 2561070
2561762 2563817
2564656 2565504
2566393 2568507
2569387 2570035
2571185 2572072
2572595 2574753
2575682 2575931
2576029 2576839
2577579 2577715
2578779 2579030
2579412 2579511
2580910 2580959
2581520 2581626
2581703 2582823
2583357 2584024
2584887 2588382
2589172 2590278
2590740 2590895
2591688 2592673
2593517 2593810
2594644 2595264
2597586 2597781
2599529 2601494
2601712 2602242
2602832 2603195
2603991 2604816
2605534 2605643
2606173 2607070
2608053 2609493
2610107 2613405
2614202 2617771
2619688 2621360
2621760 2622404
2623332 2623385
2623457 2623771
2624631 2627267
2628391 2633329
2634026 2634919
2636083 2638397
2639113 2641239
2641880 2642561
2643764 2644789
2645396 2646357
2647837 2648794
2649665 2650550
2650646 2650981
2651436 2654011
2654747 2657036
2657579 2659717
2660633 2666341
2666933 2667151
2667647 2673741
2673906 2675019
2676159 2679321
2680751 2687483
2687957 2688669
2689222 2697044
2697683 2698053
2698428 2698851
2699456 2699728
2700154 2709777
2710350 2713209
2713840 2717353
2718815 2720483
2721341 2723237
2723809 2733343
2733912 2735282
2736608 2736679
2737364 2737807
2738477 2743166
2743685 2751592
2752367 2752534
2753247 2753309
2753970 2758097
2758939 2761390
2762029 2763365
2764387 2765406
2765913 2767777
2768373 2772825
2774563 2780370
2780942 2782103
2782770 2784577
2785153 2797076
2797890 2802625
2803172 2803729
2805047 2805419
2806211 2811923
2812442 2814267
2815282 2817329
2817902 2818033
2818688 2819469
2820543 2821445
2822040 2824623
2825245 2825399
2825660 2827040
2827458 2830474
2831275 2832997
2833736 2841652
2842206 2843688
2844277 2848055
2848688 2850734
2850868 2853042
2853809 2854356
2855190 2855584
2856482 2860395
2861083 2863441
2864428 2864986
2866627 2869135
2869696 2872548
2873277 2874253
2874810 2875341
2876127 2876420
2876754 2877128
2877756 2879336
2880684 2880792
2881413 2881816
2882314 2884010
2884286 2887329
2887764 2890236
2890626 2891425
2891598 2892969
2893691 2893877
2894676 2894801
2895363 2898990
2899989 2900442
2901033 2903407
2904184 2920185
2920305 2923358
2925690 2926761
2928009 2928681
2929236 2929500
2930008 2930134
2931158 2931613
2932617 2932710
2933305 2933464
2934284 2938756
2939553 2940608
2941055 2941513
2943827 2944407
2945372 2945449
2946098 2948656
2949327 2954265
2954944 2955226
2955599 2955663
2956143 2956194
2956877 2956990
2959869 2960374
2962795 2963081
2964035 2964131
2964656 2966045
2966517 2967654
2967844 2970292
2970982 2971390
2972624 2973691
2975133 2975420
2976116 2976615
2977253 2978405
2980095 2980363
2980946 2981038
2982798 2983021
2983672 2984328
2985161 2985803
2986585 2986743
2987454 2988128
2989514 2989589
2990725 2991653
2994822 2995352
2996033 2997901
2999504 3005413
3006067 3006129
3006458 3007126
3007978 3009054
3009887 3011724
3012752 3013281
3014000 3015215
3015844 3016807
3017208 3018979
3022769 3027560
3027825 3028187
3028805 3031328
3032508 3032921
3034539 3034633
3035932 3037988
3038850 3045418
3046204 3061401
3061691 3065215
3065915 3066187
3066764 3066890
3068101 3068163
3069348 3069661
3073418 3074859
3076026 3078750
3079117 3079749
3081069 3084467
3085385 3087308
3088192 3089092
3089824 3092578
3092866 3093193
3093940 3095239
3095997 3096804
3097512 3098199
3099272 3101136
3104537 3106511
3107013 3107161
3107823 3107940
3109195 3109618
3110085 3110451
3111065 3111572
3112270 3113346
3113595 3114029
3114588 3115722
3116224 3116689
3117824 3119060
3119417 3122523
3123612 3123867
3124314 3128837
3129548 3136035
3137094 3140907
3141089 3141714
3142210 3143140
3144481 3145650
3146213 3146987
3148202 3149606
3150470 3150907
3151960 3153515
3153760 3156783
3157783 3158691
3159632 3160312
3160787 3163846
3164519 3164735
3165539 3165661
3166248 3167123
3167848 3168066
3168755 3171820
3173277 3178360
3180834 3182416
3182937 3183585
3184543 3185239
3186097 3189454
3190602 3193001
3193306 3194721
3195609 3197129
3197868 3204898
3205445 3205896
3206978 3208406
3208852 3209329
3210203 3210732
3211424 3212948
3213500 3215718
3216011 3217693
3217940 3220283
3220933 3221390
3223570 3225028
3225968 3228940
3229483 3230099
3230824 3231911
3232401 3233576
3234319 3235643
3236319 3238057
3239669 3240099
3240780 3240954
3241645 3242000
3242497 3242567
3245711 3247407
3247990 3248102
3248932 3250441
3252522 3252955
3253988 3254874
3255471 3256061
3256961 3257279
3257797 3257924
3258820 3260887
3261681 3262236
3262785 3263630
3264160 3264816
3265353 3265478
3266100 3266451
3267310 3267903
3269368 3270275
3271124 3271198
3271484 3273935
3274459 3276490
3278987 3279629
3280171 3280531
3281739 3282755
3283295 3283453
3283984 3284762
3285358 3285946
3286489 3286962
3287516 3288040
3288982 3289192
3290748 3291295
3292101 3292452
3293128 3293518
3294096 3294717
3295254 3295455
3296598 3296925
3297592 3300619
3302194 3304208
3306792 3308463
3308893 3309205
3310262 3312502
3313106 3313475
3315012 3315700
3316274 3318136
3319078 3320299
3320831 3321501
3322320 3322380
3322692 3325211
3326088 3326925
3327617 3328559
3329470 3331289
3333434 3333977
3334900 3334986
3335694 3338596
3338938 3339613
3339713 3342821
3343268 3343397
3344030 3344123
3344571 3347054
3348082 3349011
3349737 3350868
3351819 3351992
3353710 3354587
3355426 3355652
3356159 3357993
3358647 3360394
3362022 3365133
3366976 3368458
3368692 3370127
3370875 3374158
3374951 3375380
3376429 3378167
3378974 3379082
3379495 3379747
3380387 3383677
3383795 3387157
3388651 3389162
3390763 3390984
3391816 3392145
3392648 3392771
3393539 3394784
3396322 3396845
3397519 3398575
3399280 3402601
3402799 3404554
3405049 3405793
3406442 3407188
3407752 3410830
3411436 3411988
3413188 3416849
3417326 3421193
3421605 3422787
3424418 3426448
3428156 3428216
3428964 3431316
3431943 3433645
3434761 3435142
3435895 3437029
3437425 3438334
3438968 3439520
3440190 3441589
3441982 3446081
3446623 3448008
3448559 3450012
3450589 3453773
3454324 3454531
3455294 3455642
3456349 3456882
3457670 3459874
3461294 3463947
3464700 3465106
3465679 3466225
3466529 3466848
3467376 3467696
3468200 3471956
3472869 3474228
3474964 3475078
3476360 3476660
3477907 3479860
3480448 3482798
3482973 3483093
3483593 3483863
3484454 3486693
3487664 3491987
3492744 3495127
3496508 3498839
3499708 3505959
3506552 3507046
3507857 3508104
3508892 3509121
3510330 3511535
3512072 3512306
3513809 3518091
3519928 3520891
3521131 3521436
3521925 3522309
3522859 3522946
3524131 3524398
3524760 3527967
3529172 3529586
3530279 3530702
3531237 3532440
3534262 3534371
3535935 3536306
3537255 3538255
3539508 3544860
3545546 3545780
3546303 3547653
3548570 3550846
3551877 3552828
3553806 3554313
3555228 3555303
3555885 3557269
3557815 3558496
3559099 3559186
3560226 3560605
3561549 3561660
3562090 3562804
3563302 3563392
3566463 3567363
3568129 3568187
3568752 3569194
3569727 3570400
3571395 3571494
3572977 3574567
3575298 3576083
3577231 3578085
3578494 3580092
3581267 3583467
3584034 3584334
3584719 3585005
3585572 3585622
3586125 3586213
3586698 3588773
3589828 3590129
3590795 3591011
3591686 3592403
3592616 3593081
3593933 3594229
3595313 3595734
3596986 3597543
3598260 3598350
3599963 3600868
3601379 3602536
3603271 3604899
3605361 3605550
3606579 3606879
3607346 3607909
3608512 3609909
3610467 3612789
3613424 3615264
3616841 3617578
3618194 3634960
3635692 3640165
3641062 3642163
3642925 3644015
3645296 3646367
3646870 3648906
3649471 3655131
3656771 3658307
3659689 3661449
3662664 3663439
3664089 3664886
3665531 3667473
3669228 3670362
3671424 3672288
3673225 3674276
3674777 3674888
3676876 3677823
3680112 3680265
3680718 3680952
3681752 3682110
3682999 3684631
3685349 3685776
3688402 3688924
3689275 3690161
3690672 3691364
3692945 3693673
3694395 3694784
3695386 3695862
3696518 3697917
3698886 3699571
3700999 3702699
3703781 3705445
3708509 3709528
3710070 3710286
3713378 3713993
3714594 3718627
3719742 3720414
3720909 3721047
3722672 3723780
3725730 3726353
3726882 3727785
3729235 3729304
3729686 3731126
3732502 3734638
3735048 3735109
3735612 3736240
3737469 3738807
3739937 3740688
3741071 3743289
3744062 3745888
3746660 3748405
3749074 3749826
3750595 3750813
3751966 3753873
3754462 3755022
3755480 3757459
3758650 3759856
3760614 3762413
3763595 3763898
3764413 3765556
3766497 3768811
3769795 3770266
3771838 3773385
3773691 3777275
3778641 3782274
3783130 3784435
3784903 3786236
3786788 3787481
3788128 3791494
3792148 3792631
3793696 3799389
3799984 3800786
3801234 3802715
3803594 3804329
3804945 3805455
3807583 3808945
3809428 3809599
3810279 3811134
3812066 3812309
3813108 3813228
3813732 3814056
3814633 3814906
3816464 3818255
3818868 3819123
3819823 3819994
3820630 3820967
3821167 3822199
3822883 3825854
3827670 3827937
3828612 3832281
3832557 3834728
3835183 3838947
3839527 3843174
3843634 3844144
3844659 3844818
3846049 3846642
3849118 3849613
3850225 3854990
3855491 3855540
3856262 3856943
3857562 3858037
3860081 3860767
3861591 3862790
3863541 3864837
3865139 3870951
3871815 3872882
3874269 3876734
3877448 3880746
3881209 3881358
3881595 3882758
3882990 3883219
3884767 3886300
3886863 3888902
3891879 3892935
3893363 3893461
3894023 3894367
3898096 3900222
3902536 3902661
3903608 3905889
3906246 3906580
3908000 3910556
3911635 3916730
3917341 3918242
3918468 3921327
3921921 3922456
3922820 3923790
3925231 3932872
3933734 3934492
3935221 3935824
3936530 3941010
3941778 3943067
3944356 3945468
3945968 3946089
3947267 3947593
3949729 3950549
3951212 3952945
3953575 3955527
3957418 3957649
3959068 3959647
3960364 3961083
3961622 3962367
3964011 3964194
3964794 3964899
3966603 3966935
3968494 3968982
3971241 3973312
3973816 3975957
3977159 3977997
3978692 3979784
3981143 3982008
3982872 3985782
3987147 3987802
3989084 3989942
3990670 3991413
3992224 3992400
3993474 3994400
3996408 3996831
3998101 3999166
4000253 4000681
4001120 4003171
4003774 4006255
4006765 4007682
4008779 4008954
4009767 4010721
4012059 4012351
4012854 4015361
4016066 4020185
4020788 4022570
4023736 4027542
4028758 4030408
4032104 4032234
4033167 4035997
4038068 4038708
4039202 4039963
4040258 4040307
4040908 4042455
4043107 4045308
4046352 4047152
4048322 4049444
4049945 4051314
4051817 4052043
4054422 4055432
4055923 4056378
4058281 4059714
4059869 4060309
4061211 4061687
4062222 4062921
4066523 4066601
4067598 4069749
4070769 4071326
4072307 4077707
4079296 4079463
4079893 4081567
4082347 4082400
4083227 4084318
4085479 4087020
4087629 4089603
4090214 4093053
4093890 4094279
4095136 4095535
4097916 4098052
4100433 4101581
4102151 4102690
4103827 4107448
4108149 4108272
4109537 4111413
4112628 4113180
4113849 4118474
4118760 4119571
4120132 4121592
4122188 4127076
4127392 4130875
4131570 4133988
4135208 4135374
4136010 4137514
4138899 4139028
4140966 4144455
4145178 4146235
4147395 4149959
4151455 4151527
4152314 4152607
4153207 4155335
4156839 4157494
4158132 4166243
4167095 4170157
4170823 4172056
4172641 4173367
4174249 4174677
4175982 4177047
4177614 4177706
4178314 4178436
4178953 4179102
4180571 4181258
4184845 4185038
4186310 4187950
4188620 4189389
4190451 4190583
4191735 4192180
4193280 4194196
4195045 4195827
4196784 4198215
4199163 4200122
4200281 4201176
4201719 4204580
4205141 4206098
4207194 4212536
4214428 4214646
4215266 4215946
4216732 4217560
4218697 4222982
4223528 4223991
4224645 4226510
4228555 4230045
4231071 4231310
4231957 4233374
4233984 4234694
4237027 4237978
4241308 4243758
4246406 4247369
4247970 4249321
4249987 4250337
4251007 4251309
4251763 4252078
4252584 4253654
4254914 4255066
4257322 4258205
4259223 4259472
4259978 4266461
4266872 4274733
4275613 4280825
4280937 4285181
4285598 4287100
4287188 4296423
4297115 4297819
4298217 4303957
4304080 4306104
4306386 4318278
4319020 4321640
4322187 4327607
